<Instância> 	 <Semente> 	 <Melhor_Custo> 	 <Tempo_CPU>
002_T7_C5_D14_VM3.txt	 1	 0.000767716846894	 0.045029
<task_id>	 <FX/VM id>	 <Custo_fin>	 <Tempo_workflow>	 <Custo_normalizado>
1415	 3	 0.000001037	 0.111121144	 0.000055561  VM
1616	 3	 0.000002030	 0.217467697	 0.000108734  VM
1295	 1	 0.000001435	 0.277654822	 0.000138827  VM
1496	 4	 0.000005778	 0.334700000	 0.000167350  FX
6704	 5	 0.000008096	 0.236870000	 0.000118435  FX
6705	 5	 0.000006404	 0.186120000	 0.000093060  FX
6706	 5	 0.000005917	 0.171500000	 0.000085750  FX
========================================================================
002_T7_C5_D14_VM3.txt	 2	 0.000767716846894	 0.025827
<task_id>	 <FX/VM id>	 <Custo_fin>	 <Tempo_workflow>	 <Custo_normalizado>
1415	 3	 0.000001037	 0.111121144	 0.000055561  VM
1616	 3	 0.000002030	 0.217467697	 0.000108734  VM
1295	 1	 0.000001435	 0.277654822	 0.000138827  VM
1496	 4	 0.000005778	 0.334700000	 0.000167350  FX
6705	 5	 0.000006404	 0.186120000	 0.000093060  FX
6704	 5	 0.000008096	 0.236870000	 0.000118435  FX
6706	 5	 0.000005917	 0.171500000	 0.000085750  FX
========================================================================
002_T7_C5_D14_VM3.txt	 3	 0.000767716846894	 0.026116
<task_id>	 <FX/VM id>	 <Custo_fin>	 <Tempo_workflow>	 <Custo_normalizado>
1415	 2	 0.000001148	 0.111121144	 0.000055561  VM
1616	 1	 0.000001124	 0.217467697	 0.000108734  VM
1295	 1	 0.000001435	 0.277654822	 0.000138827  VM
1496	 4	 0.000005778	 0.334700000	 0.000167350  FX
6704	 5	 0.000008096	 0.236870000	 0.000118435  FX
6705	 5	 0.000006404	 0.186120000	 0.000093060  FX
6706	 5	 0.000005917	 0.171500000	 0.000085750  FX
========================================================================
002_T7_C5_D14_VM3.txt	 4	 0.000767716846894	 0.025896
<task_id>	 <FX/VM id>	 <Custo_fin>	 <Tempo_workflow>	 <Custo_normalizado>
1415	 3	 0.000001037	 0.111121144	 0.000055561  VM
1616	 1	 0.000001124	 0.217467697	 0.000108734  VM
1295	 1	 0.000001435	 0.277654822	 0.000138827  VM
1496	 4	 0.000005778	 0.334700000	 0.000167350  FX
6704	 5	 0.000008096	 0.236870000	 0.000118435  FX
6705	 5	 0.000006404	 0.186120000	 0.000093060  FX
6706	 5	 0.000005917	 0.171500000	 0.000085750  FX
========================================================================
002_T7_C5_D14_VM3.txt	 5	 0.000767716846894	 0.025838
<task_id>	 <FX/VM id>	 <Custo_fin>	 <Tempo_workflow>	 <Custo_normalizado>
1415	 2	 0.000001148	 0.111121144	 0.000055561  VM
1616	 1	 0.000001124	 0.217467697	 0.000108734  VM
1295	 1	 0.000001435	 0.277654822	 0.000138827  VM
1496	 4	 0.000005778	 0.334700000	 0.000167350  FX
6704	 5	 0.000008096	 0.236870000	 0.000118435  FX
6705	 5	 0.000006404	 0.186120000	 0.000093060  FX
6706	 5	 0.000005917	 0.171500000	 0.000085750  FX
========================================================================
002_T7_C5_D14_VM3.txt	 6	 0.000767716846894	 0.025657
<task_id>	 <FX/VM id>	 <Custo_fin>	 <Tempo_workflow>	 <Custo_normalizado>
1415	 2	 0.000001148	 0.111121144	 0.000055561  VM
1616	 3	 0.000002030	 0.217467697	 0.000108734  VM
1295	 1	 0.000001435	 0.277654822	 0.000138827  VM
1496	 4	 0.000005778	 0.334700000	 0.000167350  FX
6704	 5	 0.000008096	 0.236870000	 0.000118435  FX
6705	 5	 0.000006404	 0.186120000	 0.000093060  FX
6706	 5	 0.000005917	 0.171500000	 0.000085750  FX
========================================================================
002_T7_C5_D14_VM3.txt	 7	 0.000767716846894	 0.025852
<task_id>	 <FX/VM id>	 <Custo_fin>	 <Tempo_workflow>	 <Custo_normalizado>
1415	 2	 0.000001148	 0.111121144	 0.000055561  VM
1616	 1	 0.000001124	 0.217467697	 0.000108734  VM
1295	 1	 0.000001435	 0.277654822	 0.000138827  VM
1496	 4	 0.000005778	 0.334700000	 0.000167350  FX
6704	 5	 0.000008096	 0.236870000	 0.000118435  FX
6705	 5	 0.000006404	 0.186120000	 0.000093060  FX
6706	 5	 0.000005917	 0.171500000	 0.000085750  FX
========================================================================
002_T7_C5_D14_VM3.txt	 8	 0.000767716846894	 0.025728
<task_id>	 <FX/VM id>	 <Custo_fin>	 <Tempo_workflow>	 <Custo_normalizado>
1415	 1	 0.000000574	 0.111121144	 0.000055561  VM
1616	 3	 0.000002030	 0.217467697	 0.000108734  VM
1295	 1	 0.000001435	 0.277654822	 0.000138827  VM
1496	 4	 0.000005778	 0.334700000	 0.000167350  FX
6704	 5	 0.000008096	 0.236870000	 0.000118435  FX
6705	 5	 0.000006404	 0.186120000	 0.000093060  FX
6706	 5	 0.000005917	 0.171500000	 0.000085750  FX
========================================================================
002_T7_C5_D14_VM3.txt	 9	 0.000767716846894	 0.025766
<task_id>	 <FX/VM id>	 <Custo_fin>	 <Tempo_workflow>	 <Custo_normalizado>
1415	 3	 0.000001037	 0.111121144	 0.000055561  VM
1616	 3	 0.000002030	 0.217467697	 0.000108734  VM
1295	 1	 0.000001435	 0.277654822	 0.000138827  VM
1496	 4	 0.000005778	 0.334700000	 0.000167350  FX
6705	 5	 0.000006404	 0.186120000	 0.000093060  FX
6704	 5	 0.000008096	 0.236870000	 0.000118435  FX
6706	 5	 0.000005917	 0.171500000	 0.000085750  FX
========================================================================
002_T7_C5_D14_VM3.txt	 10	 0.000767716846894	 0.025689
<task_id>	 <FX/VM id>	 <Custo_fin>	 <Tempo_workflow>	 <Custo_normalizado>
1415	 2	 0.000001148	 0.111121144	 0.000055561  VM
1616	 2	 0.000002247	 0.217467697	 0.000108734  VM
1295	 3	 0.000002592	 0.277654822	 0.000138827  VM
1496	 4	 0.000005778	 0.334700000	 0.000167350  FX
6705	 5	 0.000006404	 0.186120000	 0.000093060  FX
6704	 5	 0.000008096	 0.236870000	 0.000118435  FX
6706	 5	 0.000005917	 0.171500000	 0.000085750  FX
========================================================================
002_T7_C5_D16_VM3.txt	 1	 0.000732252781745	 0.027231
<task_id>	 <FX/VM id>	 <Custo_fin>	 <Tempo_workflow>	 <Custo_normalizado>
39	 3	 0.000001344	 0.143983162	 0.000071992  VM
1575	 3	 0.000001763	 0.188852363	 0.000094426  VM
29	 5	 0.000009375	 0.275250000	 0.000137625  FX
1374	 5	 0.000007487	 0.218610000	 0.000109305  FX
11756	 5	 0.000008824	 0.258710000	 0.000129355  FX
11757	 5	 0.000006900	 0.201000000	 0.000100500  FX
11758	 4	 0.000003168	 0.178100000	 0.000089050  FX
========================================================================
002_T7_C5_D16_VM3.txt	 2	 0.000732252781745	 0.027315
<task_id>	 <FX/VM id>	 <Custo_fin>	 <Tempo_workflow>	 <Custo_normalizado>
29	 5	 0.000009375	 0.275250000	 0.000137625  FX
1374	 5	 0.000007487	 0.218610000	 0.000109305  FX
39	 3	 0.000001344	 0.143983162	 0.000071992  VM
1575	 1	 0.000000976	 0.188852363	 0.000094426  VM
11757	 5	 0.000006900	 0.201000000	 0.000100500  FX
11756	 5	 0.000008824	 0.258710000	 0.000129355  FX
11758	 4	 0.000003168	 0.178100000	 0.000089050  FX
========================================================================
002_T7_C5_D16_VM3.txt	 3	 0.000732252781745	 0.027278
<task_id>	 <FX/VM id>	 <Custo_fin>	 <Tempo_workflow>	 <Custo_normalizado>
29	 5	 0.000009375	 0.275250000	 0.000137625  FX
39	 2	 0.000001488	 0.143983162	 0.000071992  VM
1575	 1	 0.000000976	 0.188852363	 0.000094426  VM
1374	 5	 0.000007487	 0.218610000	 0.000109305  FX
11756	 5	 0.000008824	 0.258710000	 0.000129355  FX
11757	 5	 0.000006900	 0.201000000	 0.000100500  FX
11758	 4	 0.000003168	 0.178100000	 0.000089050  FX
========================================================================
002_T7_C5_D16_VM3.txt	 4	 0.000732252781745	 0.027272
<task_id>	 <FX/VM id>	 <Custo_fin>	 <Tempo_workflow>	 <Custo_normalizado>
39	 3	 0.000001344	 0.143983162	 0.000071992  VM
1575	 1	 0.000000976	 0.188852363	 0.000094426  VM
29	 5	 0.000009375	 0.275250000	 0.000137625  FX
1374	 5	 0.000007487	 0.218610000	 0.000109305  FX
11756	 5	 0.000008824	 0.258710000	 0.000129355  FX
11757	 5	 0.000006900	 0.201000000	 0.000100500  FX
11758	 4	 0.000003168	 0.178100000	 0.000089050  FX
========================================================================
002_T7_C5_D16_VM3.txt	 5	 0.000732252781745	 0.027235
<task_id>	 <FX/VM id>	 <Custo_fin>	 <Tempo_workflow>	 <Custo_normalizado>
39	 2	 0.000001488	 0.143983162	 0.000071992  VM
1575	 1	 0.000000976	 0.188852363	 0.000094426  VM
29	 5	 0.000009375	 0.275250000	 0.000137625  FX
1374	 5	 0.000007487	 0.218610000	 0.000109305  FX
11756	 5	 0.000008824	 0.258710000	 0.000129355  FX
11757	 5	 0.000006900	 0.201000000	 0.000100500  FX
11758	 4	 0.000003168	 0.178100000	 0.000089050  FX
========================================================================
002_T7_C5_D16_VM3.txt	 6	 0.000732252781745	 0.027304
<task_id>	 <FX/VM id>	 <Custo_fin>	 <Tempo_workflow>	 <Custo_normalizado>
29	 5	 0.000009375	 0.275250000	 0.000137625  FX
39	 3	 0.000001344	 0.143983162	 0.000071992  VM
1575	 2	 0.000001951	 0.188852363	 0.000094426  VM
1374	 5	 0.000007487	 0.218610000	 0.000109305  FX
11756	 5	 0.000008824	 0.258710000	 0.000129355  FX
11757	 5	 0.000006900	 0.201000000	 0.000100500  FX
11758	 4	 0.000003168	 0.178100000	 0.000089050  FX
========================================================================
002_T7_C5_D16_VM3.txt	 7	 0.000732252781745	 0.027951
<task_id>	 <FX/VM id>	 <Custo_fin>	 <Tempo_workflow>	 <Custo_normalizado>
29	 5	 0.000009375	 0.275250000	 0.000137625  FX
1374	 5	 0.000007487	 0.218610000	 0.000109305  FX
39	 3	 0.000001344	 0.143983162	 0.000071992  VM
1575	 1	 0.000000976	 0.188852363	 0.000094426  VM
11757	 5	 0.000006900	 0.201000000	 0.000100500  FX
11756	 5	 0.000008824	 0.258710000	 0.000129355  FX
11758	 4	 0.000003168	 0.178100000	 0.000089050  FX
========================================================================
002_T7_C5_D16_VM3.txt	 8	 0.000732252781745	 0.028242
<task_id>	 <FX/VM id>	 <Custo_fin>	 <Tempo_workflow>	 <Custo_normalizado>
39	 1	 0.000000744	 0.143983162	 0.000071992  VM
1575	 3	 0.000001763	 0.188852363	 0.000094426  VM
29	 5	 0.000009375	 0.275250000	 0.000137625  FX
1374	 5	 0.000007487	 0.218610000	 0.000109305  FX
11756	 5	 0.000008824	 0.258710000	 0.000129355  FX
11757	 5	 0.000006900	 0.201000000	 0.000100500  FX
11758	 4	 0.000003168	 0.178100000	 0.000089050  FX
========================================================================
002_T7_C5_D16_VM3.txt	 9	 0.000732252781745	 0.027272
<task_id>	 <FX/VM id>	 <Custo_fin>	 <Tempo_workflow>	 <Custo_normalizado>
29	 5	 0.000009375	 0.275250000	 0.000137625  FX
39	 1	 0.000000744	 0.143983162	 0.000071992  VM
1575	 1	 0.000000976	 0.188852363	 0.000094426  VM
1374	 5	 0.000007487	 0.218610000	 0.000109305  FX
11756	 5	 0.000008824	 0.258710000	 0.000129355  FX
11757	 5	 0.000006900	 0.201000000	 0.000100500  FX
11758	 4	 0.000003168	 0.178100000	 0.000089050  FX
========================================================================
002_T7_C5_D16_VM3.txt	 10	 0.000732252781745	 0.027177
<task_id>	 <FX/VM id>	 <Custo_fin>	 <Tempo_workflow>	 <Custo_normalizado>
29	 5	 0.000009375	 0.275250000	 0.000137625  FX
1374	 5	 0.000007487	 0.218610000	 0.000109305  FX
39	 1	 0.000000744	 0.143983162	 0.000071992  VM
1575	 3	 0.000001763	 0.188852363	 0.000094426  VM
11757	 5	 0.000006900	 0.201000000	 0.000100500  FX
11756	 5	 0.000008824	 0.258710000	 0.000129355  FX
11758	 4	 0.000003168	 0.178100000	 0.000089050  FX
========================================================================
002_T7_C5_D18_VM3.txt	 1	 0.000901688414160	 0.029576
<task_id>	 <FX/VM id>	 <Custo_fin>	 <Tempo_workflow>	 <Custo_normalizado>
2	 3	 0.000001348	 0.144391020	 0.000072196  VM
1	 3	 0.000002002	 0.214443322	 0.000107222  VM
9	 3	 0.000002855	 0.305914694	 0.000152957  VM
10	 1	 0.000002306	 0.446277720	 0.000223139  VM
11	 5	 0.000009589	 0.281660000	 0.000140830  FX
12	 5	 0.000007772	 0.227160000	 0.000113580  FX
13	 4	 0.000003259	 0.183530000	 0.000091765  FX
========================================================================
002_T7_C5_D18_VM3.txt	 2	 0.000901688414160	 0.029615
<task_id>	 <FX/VM id>	 <Custo_fin>	 <Tempo_workflow>	 <Custo_normalizado>
2	 3	 0.000001348	 0.144391020	 0.000072196  VM
1	 1	 0.000001108	 0.214443322	 0.000107222  VM
9	 2	 0.000003161	 0.305914694	 0.000152957  VM
10	 1	 0.000002306	 0.446277720	 0.000223139  VM
12	 5	 0.000007772	 0.227160000	 0.000113580  FX
11	 5	 0.000009589	 0.281660000	 0.000140830  FX
13	 4	 0.000003259	 0.183530000	 0.000091765  FX
========================================================================
002_T7_C5_D18_VM3.txt	 3	 0.000901688414160	 0.029644
<task_id>	 <FX/VM id>	 <Custo_fin>	 <Tempo_workflow>	 <Custo_normalizado>
2	 2	 0.000001492	 0.144391020	 0.000072196  VM
1	 1	 0.000001108	 0.214443322	 0.000107222  VM
9	 3	 0.000002855	 0.305914694	 0.000152957  VM
10	 3	 0.000004165	 0.446277720	 0.000223139  VM
11	 5	 0.000009589	 0.281660000	 0.000140830  FX
12	 5	 0.000007772	 0.227160000	 0.000113580  FX
13	 4	 0.000003259	 0.183530000	 0.000091765  FX
========================================================================
002_T7_C5_D18_VM3.txt	 4	 0.000901688414160	 0.029635
<task_id>	 <FX/VM id>	 <Custo_fin>	 <Tempo_workflow>	 <Custo_normalizado>
1	 1	 0.000001108	 0.214443322	 0.000107222  VM
2	 1	 0.000000746	 0.144391020	 0.000072196  VM
9	 1	 0.000001581	 0.305914694	 0.000152957  VM
10	 3	 0.000004165	 0.446277720	 0.000223139  VM
11	 5	 0.000009589	 0.281660000	 0.000140830  FX
12	 5	 0.000007772	 0.227160000	 0.000113580  FX
13	 4	 0.000003259	 0.183530000	 0.000091765  FX
========================================================================
002_T7_C5_D18_VM3.txt	 5	 0.000901688414160	 0.029632
<task_id>	 <FX/VM id>	 <Custo_fin>	 <Tempo_workflow>	 <Custo_normalizado>
2	 1	 0.000000746	 0.144391020	 0.000072196  VM
1	 2	 0.000002216	 0.214443322	 0.000107222  VM
9	 2	 0.000003161	 0.305914694	 0.000152957  VM
10	 3	 0.000004165	 0.446277720	 0.000223139  VM
11	 5	 0.000009589	 0.281660000	 0.000140830  FX
12	 5	 0.000007772	 0.227160000	 0.000113580  FX
13	 4	 0.000003259	 0.183530000	 0.000091765  FX
========================================================================
002_T7_C5_D18_VM3.txt	 6	 0.000901688414160	 0.029587
<task_id>	 <FX/VM id>	 <Custo_fin>	 <Tempo_workflow>	 <Custo_normalizado>
2	 1	 0.000000746	 0.144391020	 0.000072196  VM
1	 1	 0.000001108	 0.214443322	 0.000107222  VM
9	 1	 0.000001581	 0.305914694	 0.000152957  VM
10	 3	 0.000004165	 0.446277720	 0.000223139  VM
11	 5	 0.000009589	 0.281660000	 0.000140830  FX
12	 5	 0.000007772	 0.227160000	 0.000113580  FX
13	 4	 0.000003259	 0.183530000	 0.000091765  FX
========================================================================
002_T7_C5_D18_VM3.txt	 7	 0.000901688414160	 0.029607
<task_id>	 <FX/VM id>	 <Custo_fin>	 <Tempo_workflow>	 <Custo_normalizado>
2	 2	 0.000001492	 0.144391020	 0.000072196  VM
1	 1	 0.000001108	 0.214443322	 0.000107222  VM
9	 1	 0.000001581	 0.305914694	 0.000152957  VM
10	 1	 0.000002306	 0.446277720	 0.000223139  VM
11	 5	 0.000009589	 0.281660000	 0.000140830  FX
12	 5	 0.000007772	 0.227160000	 0.000113580  FX
13	 4	 0.000003259	 0.183530000	 0.000091765  FX
========================================================================
002_T7_C5_D18_VM3.txt	 8	 0.000901688414160	 0.029530
<task_id>	 <FX/VM id>	 <Custo_fin>	 <Tempo_workflow>	 <Custo_normalizado>
2	 1	 0.000000746	 0.144391020	 0.000072196  VM
1	 3	 0.000002002	 0.214443322	 0.000107222  VM
9	 1	 0.000001581	 0.305914694	 0.000152957  VM
10	 1	 0.000002306	 0.446277720	 0.000223139  VM
11	 5	 0.000009589	 0.281660000	 0.000140830  FX
12	 5	 0.000007772	 0.227160000	 0.000113580  FX
13	 4	 0.000003259	 0.183530000	 0.000091765  FX
========================================================================
002_T7_C5_D18_VM3.txt	 9	 0.000901688414160	 0.029564
<task_id>	 <FX/VM id>	 <Custo_fin>	 <Tempo_workflow>	 <Custo_normalizado>
2	 1	 0.000000746	 0.144391020	 0.000072196  VM
1	 1	 0.000001108	 0.214443322	 0.000107222  VM
9	 1	 0.000001581	 0.305914694	 0.000152957  VM
10	 3	 0.000004165	 0.446277720	 0.000223139  VM
12	 5	 0.000007772	 0.227160000	 0.000113580  FX
11	 5	 0.000009589	 0.281660000	 0.000140830  FX
13	 4	 0.000003259	 0.183530000	 0.000091765  FX
========================================================================
002_T7_C5_D18_VM3.txt	 10	 0.000901688414160	 0.029563
<task_id>	 <FX/VM id>	 <Custo_fin>	 <Tempo_workflow>	 <Custo_normalizado>
1	 3	 0.000002002	 0.214443322	 0.000107222  VM
2	 1	 0.000000746	 0.144391020	 0.000072196  VM
9	 3	 0.000002855	 0.305914694	 0.000152957  VM
10	 1	 0.000002306	 0.446277720	 0.000223139  VM
11	 5	 0.000009589	 0.281660000	 0.000140830  FX
12	 5	 0.000007772	 0.227160000	 0.000113580  FX
13	 4	 0.000003259	 0.183530000	 0.000091765  FX
========================================================================
005_T16_C5_D35_VM3.txt	 1	 0.001826991676353	 0.246705
<task_id>	 <FX/VM id>	 <Custo_fin>	 <Tempo_workflow>	 <Custo_normalizado>
753	 3	 0.000001369	 0.146684359	 0.000073342  VM
733	 2	 0.000002085	 0.201786880	 0.000100893  VM
1322	 5	 0.000007333	 0.213990000	 0.000106995  FX
1347	 3	 0.000001320	 0.141414177	 0.000070707  VM
1381	 3	 0.000001545	 0.165480466	 0.000082740  VM
1582	 3	 0.000001762	 0.188791315	 0.000094396  VM
1548	 3	 0.000002299	 0.246305346	 0.000123153  VM
1523	 2	 0.000002483	 0.240306516	 0.000120153  VM
1401	 5	 0.000007806	 0.228180000	 0.000114090  FX
1602	 1	 0.000001040	 0.201324265	 0.000100662  VM
11797	 5	 0.000010750	 0.316490000	 0.000158245  FX
11800	 5	 0.000008983	 0.263500000	 0.000131750  FX
11798	 5	 0.000009315	 0.273450000	 0.000136725  FX
11801	 5	 0.000008981	 0.263430000	 0.000131715  FX
11799	 5	 0.000009440	 0.277200000	 0.000138600  FX
11802	 5	 0.000009722	 0.285650000	 0.000142825  FX
========================================================================
005_T16_C5_D35_VM3.txt	 2	 0.001836366252974	 0.240211
<task_id>	 <FX/VM id>	 <Custo_fin>	 <Tempo_workflow>	 <Custo_normalizado>
1322	 3	 0.000001691	 0.181209047	 0.000090605  VM
1381	 1	 0.000000855	 0.165480466	 0.000082740  VM
1602	 2	 0.000002080	 0.201324265	 0.000100662  VM
753	 1	 0.000000758	 0.146684359	 0.000073342  VM
733	 3	 0.000001883	 0.201786880	 0.000100893  VM
1523	 1	 0.000001242	 0.240306516	 0.000120153  VM
1548	 3	 0.000002299	 0.246305346	 0.000123153  VM
1347	 3	 0.000001320	 0.141414177	 0.000070707  VM
1582	 3	 0.000001762	 0.188791315	 0.000094396  VM
1401	 4	 0.000004862	 0.279710000	 0.000139855  FX
11797	 5	 0.000010750	 0.316490000	 0.000158245  FX
11801	 5	 0.000008981	 0.263430000	 0.000131715  FX
11799	 5	 0.000009440	 0.277200000	 0.000138600  FX
11798	 5	 0.000009315	 0.273450000	 0.000136725  FX
11800	 5	 0.000008983	 0.263500000	 0.000131750  FX
11802	 5	 0.000009722	 0.285650000	 0.000142825  FX
========================================================================
005_T16_C5_D35_VM3.txt	 3	 0.001840241020545	 0.241039
<task_id>	 <FX/VM id>	 <Custo_fin>	 <Tempo_workflow>	 <Custo_normalizado>
1322	 3	 0.000001691	 0.181209047	 0.000090605  VM
1347	 1	 0.000000731	 0.141414177	 0.000070707  VM
1582	 2	 0.000001951	 0.188791315	 0.000094396  VM
733	 2	 0.000002085	 0.201786880	 0.000100893  VM
753	 1	 0.000000758	 0.146684359	 0.000073342  VM
1548	 3	 0.000002299	 0.246305346	 0.000123153  VM
1401	 5	 0.000007806	 0.228180000	 0.000114090  FX
1381	 4	 0.000003858	 0.219460000	 0.000109730  FX
1523	 3	 0.000002243	 0.240306516	 0.000120153  VM
1602	 1	 0.000001040	 0.201324265	 0.000100662  VM
11798	 5	 0.000009315	 0.273450000	 0.000136725  FX
11799	 5	 0.000009440	 0.277200000	 0.000138600  FX
11801	 5	 0.000008981	 0.263430000	 0.000131715  FX
11797	 5	 0.000010750	 0.316490000	 0.000158245  FX
11800	 5	 0.000008983	 0.263500000	 0.000131750  FX
11802	 4	 0.000005049	 0.290950000	 0.000145475  FX
========================================================================
005_T16_C5_D35_VM3.txt	 4	 0.001857596216723	 0.241349
<task_id>	 <FX/VM id>	 <Custo_fin>	 <Tempo_workflow>	 <Custo_normalizado>
1381	 1	 0.000000855	 0.165480466	 0.000082740  VM
1322	 3	 0.000001691	 0.181209047	 0.000090605  VM
1347	 1	 0.000000731	 0.141414177	 0.000070707  VM
733	 3	 0.000001883	 0.201786880	 0.000100893  VM
1548	 2	 0.000002545	 0.246305346	 0.000123153  VM
1602	 2	 0.000002080	 0.201324265	 0.000100662  VM
753	 1	 0.000000758	 0.146684359	 0.000073342  VM
1401	 5	 0.000007806	 0.228180000	 0.000114090  FX
1582	 1	 0.000000975	 0.188791315	 0.000094396  VM
1523	 1	 0.000001242	 0.240306516	 0.000120153  VM
11799	 4	 0.000006298	 0.365890000	 0.000182945  FX
11798	 5	 0.000009315	 0.273450000	 0.000136725  FX
11801	 5	 0.000008981	 0.263430000	 0.000131715  FX
11800	 5	 0.000008983	 0.263500000	 0.000131750  FX
11797	 5	 0.000010750	 0.316490000	 0.000158245  FX
11802	 4	 0.000005049	 0.290950000	 0.000145475  FX
========================================================================
005_T16_C5_D35_VM3.txt	 5	 0.001810601213947	 0.241297
<task_id>	 <FX/VM id>	 <Custo_fin>	 <Tempo_workflow>	 <Custo_normalizado>
1381	 1	 0.000000855	 0.165480466	 0.000082740  VM
753	 3	 0.000001369	 0.146684359	 0.000073342  VM
733	 3	 0.000001883	 0.201786880	 0.000100893  VM
1322	 2	 0.000001872	 0.181209047	 0.000090605  VM
1347	 1	 0.000000731	 0.141414177	 0.000070707  VM
1602	 2	 0.000002080	 0.201324265	 0.000100662  VM
1523	 3	 0.000002243	 0.240306516	 0.000120153  VM
1548	 3	 0.000002299	 0.246305346	 0.000123153  VM
1401	 5	 0.000007806	 0.228180000	 0.000114090  FX
1582	 3	 0.000001762	 0.188791315	 0.000094396  VM
11798	 5	 0.000009315	 0.273450000	 0.000136725  FX
11800	 5	 0.000008983	 0.263500000	 0.000131750  FX
11797	 5	 0.000010750	 0.316490000	 0.000158245  FX
11799	 5	 0.000009440	 0.277200000	 0.000138600  FX
11801	 5	 0.000008981	 0.263430000	 0.000131715  FX
11802	 5	 0.000009722	 0.285650000	 0.000142825  FX
========================================================================
005_T16_C5_D35_VM3.txt	 6	 0.001858921255916	 0.241329
<task_id>	 <FX/VM id>	 <Custo_fin>	 <Tempo_workflow>	 <Custo_normalizado>
1381	 2	 0.000001710	 0.165480466	 0.000082740  VM
1322	 2	 0.000001872	 0.181209047	 0.000090605  VM
753	 2	 0.000001516	 0.146684359	 0.000073342  VM
1347	 2	 0.000001461	 0.141414177	 0.000070707  VM
733	 2	 0.000002085	 0.201786880	 0.000100893  VM
1602	 2	 0.000002080	 0.201324265	 0.000100662  VM
1582	 3	 0.000001762	 0.188791315	 0.000094396  VM
1548	 3	 0.000002299	 0.246305346	 0.000123153  VM
1401	 5	 0.000007806	 0.228180000	 0.000114090  FX
1523	 3	 0.000002243	 0.240306516	 0.000120153  VM
11797	 5	 0.000010750	 0.316490000	 0.000158245  FX
11800	 5	 0.000008983	 0.263500000	 0.000131750  FX
11801	 5	 0.000008981	 0.263430000	 0.000131715  FX
11799	 5	 0.000009440	 0.277200000	 0.000138600  FX
11798	 4	 0.000006280	 0.364790000	 0.000182395  FX
11802	 4	 0.000005049	 0.290950000	 0.000145475  FX
========================================================================
005_T16_C5_D35_VM3.txt	 7	 0.001813251175918	 0.240741
<task_id>	 <FX/VM id>	 <Custo_fin>	 <Tempo_workflow>	 <Custo_normalizado>
1322	 1	 0.000000936	 0.181209047	 0.000090605  VM
753	 3	 0.000001369	 0.146684359	 0.000073342  VM
733	 2	 0.000002085	 0.201786880	 0.000100893  VM
1523	 1	 0.000001242	 0.240306516	 0.000120153  VM
1347	 1	 0.000000731	 0.141414177	 0.000070707  VM
1401	 5	 0.000007806	 0.228180000	 0.000114090  FX
1381	 3	 0.000001545	 0.165480466	 0.000082740  VM
1582	 3	 0.000001762	 0.188791315	 0.000094396  VM
1548	 3	 0.000002299	 0.246305346	 0.000123153  VM
1602	 1	 0.000001040	 0.201324265	 0.000100662  VM
11798	 5	 0.000009315	 0.273450000	 0.000136725  FX
11801	 5	 0.000008981	 0.263430000	 0.000131715  FX
11799	 5	 0.000009440	 0.277200000	 0.000138600  FX
11797	 5	 0.000010750	 0.316490000	 0.000158245  FX
11800	 5	 0.000008983	 0.263500000	 0.000131750  FX
11802	 4	 0.000005049	 0.290950000	 0.000145475  FX
========================================================================
005_T16_C5_D35_VM3.txt	 8	 0.001847456442192	 0.242461
<task_id>	 <FX/VM id>	 <Custo_fin>	 <Tempo_workflow>	 <Custo_normalizado>
1347	 2	 0.000001461	 0.141414177	 0.000070707  VM
1582	 3	 0.000001762	 0.188791315	 0.000094396  VM
1381	 5	 0.000006904	 0.201110000	 0.000100555  FX
753	 2	 0.000001516	 0.146684359	 0.000073342  VM
1602	 1	 0.000001040	 0.201324265	 0.000100662  VM
1322	 5	 0.000007333	 0.213990000	 0.000106995  FX
733	 2	 0.000002085	 0.201786880	 0.000100893  VM
1523	 1	 0.000001242	 0.240306516	 0.000120153  VM
1548	 2	 0.000002545	 0.246305346	 0.000123153  VM
1401	 5	 0.000007806	 0.228180000	 0.000114090  FX
11798	 5	 0.000009315	 0.273450000	 0.000136725  FX
11800	 5	 0.000008983	 0.263500000	 0.000131750  FX
11797	 5	 0.000010750	 0.316490000	 0.000158245  FX
11799	 5	 0.000009440	 0.277200000	 0.000138600  FX
11801	 5	 0.000008981	 0.263430000	 0.000131715  FX
11802	 4	 0.000005049	 0.290950000	 0.000145475  FX
========================================================================
005_T16_C5_D35_VM3.txt	 9	 0.001813251175918	 0.241539
<task_id>	 <FX/VM id>	 <Custo_fin>	 <Tempo_workflow>	 <Custo_normalizado>
1381	 2	 0.000001710	 0.165480466	 0.000082740  VM
1347	 1	 0.000000731	 0.141414177	 0.000070707  VM
1582	 2	 0.000001951	 0.188791315	 0.000094396  VM
753	 3	 0.000001369	 0.146684359	 0.000073342  VM
1322	 1	 0.000000936	 0.181209047	 0.000090605  VM
1602	 3	 0.000001879	 0.201324265	 0.000100662  VM
1548	 1	 0.000001273	 0.246305346	 0.000123153  VM
733	 1	 0.000001043	 0.201786880	 0.000100893  VM
1401	 5	 0.000007806	 0.228180000	 0.000114090  FX
1523	 1	 0.000001242	 0.240306516	 0.000120153  VM
11797	 5	 0.000010750	 0.316490000	 0.000158245  FX
11799	 5	 0.000009440	 0.277200000	 0.000138600  FX
11798	 5	 0.000009315	 0.273450000	 0.000136725  FX
11800	 5	 0.000008983	 0.263500000	 0.000131750  FX
11801	 5	 0.000008981	 0.263430000	 0.000131715  FX
11802	 4	 0.000005049	 0.290950000	 0.000145475  FX
========================================================================
005_T16_C5_D35_VM3.txt	 10	 0.001810601213947	 0.240624
<task_id>	 <FX/VM id>	 <Custo_fin>	 <Tempo_workflow>	 <Custo_normalizado>
1322	 3	 0.000001691	 0.181209047	 0.000090605  VM
733	 3	 0.000001883	 0.201786880	 0.000100893  VM
1381	 2	 0.000001710	 0.165480466	 0.000082740  VM
753	 1	 0.000000758	 0.146684359	 0.000073342  VM
1548	 3	 0.000002299	 0.246305346	 0.000123153  VM
1401	 5	 0.000007806	 0.228180000	 0.000114090  FX
1347	 3	 0.000001320	 0.141414177	 0.000070707  VM
1523	 1	 0.000001242	 0.240306516	 0.000120153  VM
1602	 3	 0.000001879	 0.201324265	 0.000100662  VM
1582	 1	 0.000000975	 0.188791315	 0.000094396  VM
11799	 5	 0.000009440	 0.277200000	 0.000138600  FX
11797	 5	 0.000010750	 0.316490000	 0.000158245  FX
11801	 5	 0.000008981	 0.263430000	 0.000131715  FX
11798	 5	 0.000009315	 0.273450000	 0.000136725  FX
11800	 5	 0.000008983	 0.263500000	 0.000131750  FX
11802	 5	 0.000009722	 0.285650000	 0.000142825  FX
========================================================================
005_T16_C5_D38_VM3.txt	 1	 0.001956262160093	 0.258337
<task_id>	 <FX/VM id>	 <Custo_fin>	 <Tempo_workflow>	 <Custo_normalizado>
863	 2	 0.000001476	 0.142834397	 0.000071417  VM
732	 1	 0.000001010	 0.195384221	 0.000097692  VM
1320	 3	 0.000002302	 0.252200000	 0.000126100  FX
813	 3	 0.000001637	 0.175378817	 0.000087689  VM
1521	 1	 0.000001412	 0.273211548	 0.000136606  VM
752	 2	 0.000001605	 0.155315056	 0.000077658  VM
1317	 2	 0.000001374	 0.132953058	 0.000066477  VM
1372	 5	 0.000007380	 0.215410000	 0.000107705  FX
1518	 1	 0.000001428	 0.276301988	 0.000138151  VM
1573	 3	 0.000002093	 0.224275256	 0.000112138  VM
6748	 5	 0.000010262	 0.301870000	 0.000150935  FX
6749	 5	 0.000009773	 0.287190000	 0.000143595  FX
6746	 5	 0.000010449	 0.307470000	 0.000153735  FX
6747	 5	 0.000010156	 0.298670000	 0.000149335  FX
6745	 5	 0.000012378	 0.365340000	 0.000182670  FX
6750	 4	 0.000005345	 0.308720000	 0.000154360  FX
========================================================================
005_T16_C5_D38_VM3.txt	 2	 0.001931657199748	 0.259132
<task_id>	 <FX/VM id>	 <Custo_fin>	 <Tempo_workflow>	 <Custo_normalizado>
813	 3	 0.000001637	 0.175378817	 0.000087689  VM
752	 1	 0.000000803	 0.155315056	 0.000077658  VM
732	 2	 0.000002019	 0.195384221	 0.000097692  VM
863	 3	 0.000001333	 0.142834397	 0.000071417  VM
1320	 5	 0.000007636	 0.223090000	 0.000111545  FX
1372	 5	 0.000007380	 0.215410000	 0.000107705  FX
1521	 3	 0.000002550	 0.273211548	 0.000136606  VM
1317	 3	 0.000001241	 0.132953058	 0.000066477  VM
1573	 3	 0.000002093	 0.224275256	 0.000112138  VM
1518	 3	 0.000002579	 0.276301988	 0.000138151  VM
6745	 5	 0.000012378	 0.365340000	 0.000182670  FX
6749	 5	 0.000009773	 0.287190000	 0.000143595  FX
6746	 5	 0.000010449	 0.307470000	 0.000153735  FX
6748	 5	 0.000010262	 0.301870000	 0.000150935  FX
6747	 5	 0.000010156	 0.298670000	 0.000149335  FX
6750	 5	 0.000009821	 0.288620000	 0.000144310  FX
========================================================================
005_T16_C5_D38_VM3.txt	 3	 0.001956457272172	 0.257762
<task_id>	 <FX/VM id>	 <Custo_fin>	 <Tempo_workflow>	 <Custo_normalizado>
813	 3	 0.000001637	 0.175378817	 0.000087689  VM
1317	 1	 0.000000687	 0.132953058	 0.000066477  VM
732	 2	 0.000002019	 0.195384221	 0.000097692  VM
1320	 4	 0.000004494	 0.257640000	 0.000128820  FX
863	 1	 0.000000738	 0.142834397	 0.000071417  VM
1518	 3	 0.000002579	 0.276301988	 0.000138151  VM
1573	 2	 0.000002317	 0.224275256	 0.000112138  VM
1521	 3	 0.000002550	 0.273211548	 0.000136606  VM
752	 3	 0.000001450	 0.155315056	 0.000077658  VM
1372	 4	 0.000003706	 0.210360000	 0.000105180  FX
6748	 5	 0.000010262	 0.301870000	 0.000150935  FX
6746	 5	 0.000010449	 0.307470000	 0.000153735  FX
6749	 5	 0.000009773	 0.287190000	 0.000143595  FX
6745	 5	 0.000012378	 0.365340000	 0.000182670  FX
6747	 5	 0.000010156	 0.298670000	 0.000149335  FX
6750	 4	 0.000005345	 0.308720000	 0.000154360  FX
========================================================================
005_T16_C5_D38_VM3.txt	 4	 0.001995782135054	 0.258296
<task_id>	 <FX/VM id>	 <Custo_fin>	 <Tempo_workflow>	 <Custo_normalizado>
752	 2	 0.000001605	 0.155315056	 0.000077658  VM
1317	 1	 0.000000687	 0.132953058	 0.000066477  VM
1573	 3	 0.000002093	 0.224275256	 0.000112138  VM
813	 1	 0.000000906	 0.175378817	 0.000087689  VM
1372	 5	 0.000007380	 0.215410000	 0.000107705  FX
732	 3	 0.000001824	 0.195384221	 0.000097692  VM
863	 3	 0.000001333	 0.142834397	 0.000071417  VM
1518	 3	 0.000002579	 0.276301988	 0.000138151  VM
1521	 1	 0.000001412	 0.273211548	 0.000136606  VM
1320	 5	 0.000007636	 0.223090000	 0.000111545  FX
6745	 5	 0.000012378	 0.365340000	 0.000182670  FX
6749	 5	 0.000009773	 0.287190000	 0.000143595  FX
6746	 5	 0.000010449	 0.307470000	 0.000153735  FX
6747	 5	 0.000010156	 0.298670000	 0.000149335  FX
6748	 4	 0.000007034	 0.410020000	 0.000205010  FX
6750	 4	 0.000005345	 0.308720000	 0.000154360  FX
========================================================================
005_T16_C5_D38_VM3.txt	 5	 0.001963027287275	 0.257716
<task_id>	 <FX/VM id>	 <Custo_fin>	 <Tempo_workflow>	 <Custo_normalizado>
752	 1	 0.000000803	 0.155315056	 0.000077658  VM
1317	 2	 0.000001374	 0.132953058	 0.000066477  VM
732	 1	 0.000001010	 0.195384221	 0.000097692  VM
1573	 2	 0.000002317	 0.224275256	 0.000112138  VM
863	 2	 0.000001476	 0.142834397	 0.000071417  VM
1320	 4	 0.000004494	 0.257640000	 0.000128820  FX
1372	 3	 0.000002230	 0.243600000	 0.000121800  FX
813	 1	 0.000000906	 0.175378817	 0.000087689  VM
1521	 2	 0.000002823	 0.273211548	 0.000136606  VM
1518	 3	 0.000002579	 0.276301988	 0.000138151  VM
6746	 5	 0.000010449	 0.307470000	 0.000153735  FX
6747	 5	 0.000010156	 0.298670000	 0.000149335  FX
6749	 5	 0.000009773	 0.287190000	 0.000143595  FX
6745	 5	 0.000012378	 0.365340000	 0.000182670  FX
6748	 5	 0.000010262	 0.301870000	 0.000150935  FX
6750	 5	 0.000009821	 0.288620000	 0.000144310  FX
========================================================================
005_T16_C5_D38_VM3.txt	 6	 0.002009877236560	 0.258544
<task_id>	 <FX/VM id>	 <Custo_fin>	 <Tempo_workflow>	 <Custo_normalizado>
752	 2	 0.000001605	 0.155315056	 0.000077658  VM
813	 2	 0.000001812	 0.175378817	 0.000087689  VM
863	 2	 0.000001476	 0.142834397	 0.000071417  VM
1317	 2	 0.000001374	 0.132953058	 0.000066477  VM
1372	 3	 0.000002230	 0.243600000	 0.000121800  FX
1573	 3	 0.000002093	 0.224275256	 0.000112138  VM
732	 1	 0.000001010	 0.195384221	 0.000097692  VM
1521	 2	 0.000002823	 0.273211548	 0.000136606  VM
1320	 5	 0.000007636	 0.223090000	 0.000111545  FX
1518	 3	 0.000002579	 0.276301988	 0.000138151  VM
6745	 5	 0.000012378	 0.365340000	 0.000182670  FX
6747	 5	 0.000010156	 0.298670000	 0.000149335  FX
6749	 5	 0.000009773	 0.287190000	 0.000143595  FX
6746	 5	 0.000010449	 0.307470000	 0.000153735  FX
6748	 4	 0.000007034	 0.410020000	 0.000205010  FX
6750	 4	 0.000005345	 0.308720000	 0.000154360  FX
========================================================================
005_T16_C5_D38_VM3.txt	 7	 0.001939182169735	 0.258336
<task_id>	 <FX/VM id>	 <Custo_fin>	 <Tempo_workflow>	 <Custo_normalizado>
1317	 3	 0.000001241	 0.132953058	 0.000066477  VM
863	 3	 0.000001333	 0.142834397	 0.000071417  VM
732	 1	 0.000001010	 0.195384221	 0.000097692  VM
752	 1	 0.000000803	 0.155315056	 0.000077658  VM
813	 2	 0.000001812	 0.175378817	 0.000087689  VM
1573	 1	 0.000001159	 0.224275256	 0.000112138  VM
1518	 1	 0.000001428	 0.276301988	 0.000138151  VM
1372	 4	 0.000003706	 0.210360000	 0.000105180  FX
1521	 1	 0.000001412	 0.273211548	 0.000136606  VM
1320	 5	 0.000007636	 0.223090000	 0.000111545  FX
6749	 5	 0.000009773	 0.287190000	 0.000143595  FX
6748	 5	 0.000010262	 0.301870000	 0.000150935  FX
6745	 5	 0.000012378	 0.365340000	 0.000182670  FX
6747	 5	 0.000010156	 0.298670000	 0.000149335  FX
6746	 5	 0.000010449	 0.307470000	 0.000153735  FX
6750	 4	 0.000005345	 0.308720000	 0.000154360  FX
========================================================================
005_T16_C5_D38_VM3.txt	 8	 0.001941707218066	 0.258992
<task_id>	 <FX/VM id>	 <Custo_fin>	 <Tempo_workflow>	 <Custo_normalizado>
1317	 2	 0.000001374	 0.132953058	 0.000066477  VM
732	 3	 0.000001824	 0.195384221	 0.000097692  VM
1573	 3	 0.000002093	 0.224275256	 0.000112138  VM
863	 2	 0.000001476	 0.142834397	 0.000071417  VM
813	 1	 0.000000906	 0.175378817	 0.000087689  VM
1521	 2	 0.000002823	 0.273211548	 0.000136606  VM
752	 2	 0.000001605	 0.155315056	 0.000077658  VM
1372	 5	 0.000007380	 0.215410000	 0.000107705  FX
1518	 1	 0.000001428	 0.276301988	 0.000138151  VM
1320	 5	 0.000007636	 0.223090000	 0.000111545  FX
6748	 5	 0.000010262	 0.301870000	 0.000150935  FX
6747	 5	 0.000010156	 0.298670000	 0.000149335  FX
6745	 5	 0.000012378	 0.365340000	 0.000182670  FX
6746	 5	 0.000010449	 0.307470000	 0.000153735  FX
6749	 5	 0.000009773	 0.287190000	 0.000143595  FX
6750	 4	 0.000005345	 0.308720000	 0.000154360  FX
========================================================================
005_T16_C5_D38_VM3.txt	 9	 0.001941707218066	 0.257897
<task_id>	 <FX/VM id>	 <Custo_fin>	 <Tempo_workflow>	 <Custo_normalizado>
752	 2	 0.000001605	 0.155315056	 0.000077658  VM
1317	 1	 0.000000687	 0.132953058	 0.000066477  VM
732	 2	 0.000002019	 0.195384221	 0.000097692  VM
863	 2	 0.000001476	 0.142834397	 0.000071417  VM
813	 1	 0.000000906	 0.175378817	 0.000087689  VM
1372	 5	 0.000007380	 0.215410000	 0.000107705  FX
1518	 3	 0.000002579	 0.276301988	 0.000138151  VM
1573	 1	 0.000001159	 0.224275256	 0.000112138  VM
1320	 5	 0.000007636	 0.223090000	 0.000111545  FX
1521	 1	 0.000001412	 0.273211548	 0.000136606  VM
6745	 5	 0.000012378	 0.365340000	 0.000182670  FX
6746	 5	 0.000010449	 0.307470000	 0.000153735  FX
6748	 5	 0.000010262	 0.301870000	 0.000150935  FX
6747	 5	 0.000010156	 0.298670000	 0.000149335  FX
6749	 5	 0.000009773	 0.287190000	 0.000143595  FX
6750	 4	 0.000005345	 0.308720000	 0.000154360  FX
========================================================================
005_T16_C5_D38_VM3.txt	 10	 0.001946212258190	 0.258432
<task_id>	 <FX/VM id>	 <Custo_fin>	 <Tempo_workflow>	 <Custo_normalizado>
752	 3	 0.000001450	 0.155315056	 0.000077658  VM
732	 2	 0.000002019	 0.195384221	 0.000097692  VM
863	 1	 0.000000738	 0.142834397	 0.000071417  VM
813	 2	 0.000001812	 0.175378817	 0.000087689  VM
1320	 3	 0.000002302	 0.252200000	 0.000126100  FX
1317	 3	 0.000001241	 0.132953058	 0.000066477  VM
1372	 5	 0.000007380	 0.215410000	 0.000107705  FX
1573	 2	 0.000002317	 0.224275256	 0.000112138  VM
1518	 3	 0.000002579	 0.276301988	 0.000138151  VM
1521	 3	 0.000002550	 0.273211548	 0.000136606  VM
6749	 5	 0.000009773	 0.287190000	 0.000143595  FX
6748	 5	 0.000010262	 0.301870000	 0.000150935  FX
6745	 5	 0.000012378	 0.365340000	 0.000182670  FX
6747	 5	 0.000010156	 0.298670000	 0.000149335  FX
6746	 5	 0.000010449	 0.307470000	 0.000153735  FX
6750	 5	 0.000009821	 0.288620000	 0.000144310  FX
========================================================================
010_T31_C5_D70_VM3.txt	 1	 0.004860444925725	 1.672529
<task_id>	 <FX/VM id>	 <Custo_fin>	 <Tempo_workflow>	 <Custo_normalizado>
1309	 1	 0.000001082	 0.209340933	 0.000104670  VM
856	 1	 0.000000795	 0.153911115	 0.000076956  VM
1388	 5	 0.000007356	 0.214690000	 0.000107345  FX
1300	 1	 0.000000764	 0.147905738	 0.000073953  VM
1540	 2	 0.000002704	 0.261707218	 0.000130854  VM
1333	 1	 0.000000608	 0.117757368	 0.000058879  VM
1289	 3	 0.000001377	 0.147510697	 0.000073755  VM
853	 3	 0.000001639	 0.175563824	 0.000087782  VM
806	 2	 0.000001683	 0.162863752	 0.000081432  VM
1589	 5	 0.000008649	 0.253480000	 0.000126740  FX
803	 3	 0.000002494	 0.267201462	 0.000133601  VM
1394	 4	 0.000003599	 0.203940000	 0.000101970  FX
1501	 1	 0.000001365	 0.264106471	 0.000132053  VM
1397	 5	 0.000007440	 0.217200000	 0.000108600  FX
1339	 2	 0.000001338	 0.129527439	 0.000064764  VM
1595	 4	 0.000004395	 0.251720000	 0.000125860  FX
1510	 2	 0.000002789	 0.269952793	 0.000134976  VM
1598	 5	 0.000008495	 0.248850000	 0.000124425  FX
1490	 3	 0.000002486	 0.266334569	 0.000133167  VM
1534	 1	 0.000001405	 0.271916411	 0.000135958  VM
6835	 5	 0.000017994	 0.533830000	 0.000266915  FX
6837	 5	 0.000015673	 0.464200000	 0.000232100  FX
6836	 4	 0.000011613	 0.684780000	 0.000342390  FX
6843	 5	 0.000014674	 0.434210000	 0.000217105  FX
6844	 5	 0.000014195	 0.419860000	 0.000209930  FX
6838	 5	 0.000016146	 0.478380000	 0.000239190  FX
6840	 5	 0.000015734	 0.466010000	 0.000233005  FX
6841	 5	 0.000015769	 0.467060000	 0.000233530  FX
6842	 4	 0.000009891	 0.581470000	 0.000290735  FX
6839	 5	 0.000015172	 0.449170000	 0.000224585  FX
6845	 5	 0.000017081	 0.506440000	 0.000253220  FX
========================================================================
010_T31_C5_D70_VM3.txt	 2	 0.004924747161567	 1.662418
<task_id>	 <FX/VM id>	 <Custo_fin>	 <Tempo_workflow>	 <Custo_normalizado>
1289	 3	 0.000001377	 0.147510697	 0.000073755  VM
1339	 2	 0.000001338	 0.129527439	 0.000064764  VM
1388	 4	 0.000003617	 0.205040000	 0.000102520  FX
1309	 2	 0.000002163	 0.209340933	 0.000104670  VM
1595	 5	 0.000008142	 0.238260000	 0.000119130  FX
1333	 2	 0.000001217	 0.117757368	 0.000058879  VM
1589	 2	 0.000002282	 0.220892929	 0.000110446  VM
806	 1	 0.000000842	 0.162863752	 0.000081432  VM
1540	 1	 0.000001352	 0.261707218	 0.000130854  VM
1397	 4	 0.000004007	 0.228390000	 0.000114195  FX
1598	 3	 0.000002034	 0.217881123	 0.000108941  VM
1300	 1	 0.000000764	 0.147905738	 0.000073953  VM
1534	 1	 0.000001405	 0.271916411	 0.000135958  VM
803	 1	 0.000001381	 0.267201462	 0.000133601  VM
853	 2	 0.000001814	 0.175563824	 0.000087782  VM
856	 2	 0.000001590	 0.153911115	 0.000076956  VM
1490	 3	 0.000002486	 0.266334569	 0.000133167  VM
1501	 3	 0.000002465	 0.264106471	 0.000132053  VM
1394	 5	 0.000006792	 0.197760000	 0.000098880  FX
1510	 3	 0.000002520	 0.269952793	 0.000134976  VM
6840	 5	 0.000015734	 0.466010000	 0.000233005  FX
