<Instância> 	 <Semente> 	 <Melhor_Custo> 	 <Tempo_CPU>
002_T7_C5_D14_VM3.txt	 1	 0.001458661979996	 0.032415
<task_id>	 <FX/VM id>	 <Custo_fin>	 <Tempo_workflow>	 <Custo_normalizado>
1415	 3	 0.000001037	 0.111121144	 0.000105565  VM
1616	 3	 0.000002030	 0.217467697	 0.000206594  VM
1295	 1	 0.000001435	 0.277654822	 0.000263772  VM
1496	 4	 0.000005778	 0.334700000	 0.000317965  FX
6704	 5	 0.000008096	 0.236870000	 0.000225026  FX
6705	 5	 0.000006404	 0.186120000	 0.000176814  FX
6706	 5	 0.000005917	 0.171500000	 0.000162925  FX
========================================================================
002_T7_C5_D14_VM3.txt	 2	 0.001458661979996	 0.026057
<task_id>	 <FX/VM id>	 <Custo_fin>	 <Tempo_workflow>	 <Custo_normalizado>
1415	 3	 0.000001037	 0.111121144	 0.000105565  VM
1616	 1	 0.000001124	 0.217467697	 0.000206594  VM
1295	 3	 0.000002592	 0.277654822	 0.000263772  VM
1496	 4	 0.000005778	 0.334700000	 0.000317965  FX
6705	 5	 0.000006404	 0.186120000	 0.000176814  FX
6704	 5	 0.000008096	 0.236870000	 0.000225026  FX
6706	 5	 0.000005917	 0.171500000	 0.000162925  FX
========================================================================
002_T7_C5_D14_VM3.txt	 3	 0.001458661979996	 0.026078
<task_id>	 <FX/VM id>	 <Custo_fin>	 <Tempo_workflow>	 <Custo_normalizado>
1415	 2	 0.000001148	 0.111121144	 0.000105565  VM
1616	 1	 0.000001124	 0.217467697	 0.000206594  VM
1295	 1	 0.000001435	 0.277654822	 0.000263772  VM
1496	 4	 0.000005778	 0.334700000	 0.000317965  FX
6704	 5	 0.000008096	 0.236870000	 0.000225026  FX
6705	 5	 0.000006404	 0.186120000	 0.000176814  FX
6706	 5	 0.000005917	 0.171500000	 0.000162925  FX
========================================================================
002_T7_C5_D14_VM3.txt	 4	 0.001458661979996	 0.026101
<task_id>	 <FX/VM id>	 <Custo_fin>	 <Tempo_workflow>	 <Custo_normalizado>
1415	 3	 0.000001037	 0.111121144	 0.000105565  VM
1616	 1	 0.000001124	 0.217467697	 0.000206594  VM
1295	 1	 0.000001435	 0.277654822	 0.000263772  VM
1496	 4	 0.000005778	 0.334700000	 0.000317965  FX
6704	 5	 0.000008096	 0.236870000	 0.000225026  FX
6705	 5	 0.000006404	 0.186120000	 0.000176814  FX
6706	 5	 0.000005917	 0.171500000	 0.000162925  FX
========================================================================
002_T7_C5_D14_VM3.txt	 5	 0.001458661979996	 0.025912
<task_id>	 <FX/VM id>	 <Custo_fin>	 <Tempo_workflow>	 <Custo_normalizado>
1415	 2	 0.000001148	 0.111121144	 0.000105565  VM
1616	 1	 0.000001124	 0.217467697	 0.000206594  VM
1295	 1	 0.000001435	 0.277654822	 0.000263772  VM
1496	 4	 0.000005778	 0.334700000	 0.000317965  FX
6704	 5	 0.000008096	 0.236870000	 0.000225026  FX
6705	 5	 0.000006404	 0.186120000	 0.000176814  FX
6706	 5	 0.000005917	 0.171500000	 0.000162925  FX
========================================================================
002_T7_C5_D14_VM3.txt	 6	 0.001458661979996	 0.025728
<task_id>	 <FX/VM id>	 <Custo_fin>	 <Tempo_workflow>	 <Custo_normalizado>
1415	 2	 0.000001148	 0.111121144	 0.000105565  VM
1616	 2	 0.000002247	 0.217467697	 0.000206594  VM
1295	 1	 0.000001435	 0.277654822	 0.000263772  VM
1496	 4	 0.000005778	 0.334700000	 0.000317965  FX
6704	 5	 0.000008096	 0.236870000	 0.000225026  FX
6705	 5	 0.000006404	 0.186120000	 0.000176814  FX
6706	 5	 0.000005917	 0.171500000	 0.000162925  FX
========================================================================
002_T7_C5_D14_VM3.txt	 7	 0.001458661979996	 0.025958
<task_id>	 <FX/VM id>	 <Custo_fin>	 <Tempo_workflow>	 <Custo_normalizado>
1415	 2	 0.000001148	 0.111121144	 0.000105565  VM
1616	 1	 0.000001124	 0.217467697	 0.000206594  VM
1295	 1	 0.000001435	 0.277654822	 0.000263772  VM
1496	 4	 0.000005778	 0.334700000	 0.000317965  FX
6704	 5	 0.000008096	 0.236870000	 0.000225026  FX
6705	 5	 0.000006404	 0.186120000	 0.000176814  FX
6706	 5	 0.000005917	 0.171500000	 0.000162925  FX
========================================================================
002_T7_C5_D14_VM3.txt	 8	 0.001458661979996	 0.025845
<task_id>	 <FX/VM id>	 <Custo_fin>	 <Tempo_workflow>	 <Custo_normalizado>
1415	 1	 0.000000574	 0.111121144	 0.000105565  VM
1616	 3	 0.000002030	 0.217467697	 0.000206594  VM
1295	 1	 0.000001435	 0.277654822	 0.000263772  VM
1496	 4	 0.000005778	 0.334700000	 0.000317965  FX
6704	 5	 0.000008096	 0.236870000	 0.000225026  FX
6705	 5	 0.000006404	 0.186120000	 0.000176814  FX
6706	 5	 0.000005917	 0.171500000	 0.000162925  FX
========================================================================
002_T7_C5_D14_VM3.txt	 9	 0.001458661979996	 0.025877
<task_id>	 <FX/VM id>	 <Custo_fin>	 <Tempo_workflow>	 <Custo_normalizado>
1415	 2	 0.000001148	 0.111121144	 0.000105565  VM
1616	 1	 0.000001124	 0.217467697	 0.000206594  VM
1295	 3	 0.000002592	 0.277654822	 0.000263772  VM
1496	 4	 0.000005778	 0.334700000	 0.000317965  FX
6705	 5	 0.000006404	 0.186120000	 0.000176814  FX
6704	 5	 0.000008096	 0.236870000	 0.000225026  FX
6706	 5	 0.000005917	 0.171500000	 0.000162925  FX
========================================================================
002_T7_C5_D14_VM3.txt	 10	 0.001458661979996	 0.025800
<task_id>	 <FX/VM id>	 <Custo_fin>	 <Tempo_workflow>	 <Custo_normalizado>
1415	 2	 0.000001148	 0.111121144	 0.000105565  VM
1616	 2	 0.000002247	 0.217467697	 0.000206594  VM
1295	 3	 0.000002592	 0.277654822	 0.000263772  VM
1496	 4	 0.000005778	 0.334700000	 0.000317965  FX
6704	 5	 0.000008096	 0.236870000	 0.000225026  FX
6705	 5	 0.000006404	 0.186120000	 0.000176814  FX
6706	 5	 0.000005917	 0.171500000	 0.000162925  FX
========================================================================
002_T7_C5_D16_VM3.txt	 1	 0.001391280209646	 0.027457
<task_id>	 <FX/VM id>	 <Custo_fin>	 <Tempo_workflow>	 <Custo_normalizado>
29	 5	 0.000009375	 0.275250000	 0.000261487  FX
1374	 5	 0.000007487	 0.218610000	 0.000207679  FX
39	 1	 0.000000744	 0.143983162	 0.000136784  VM
1575	 3	 0.000001763	 0.188852363	 0.000179410  VM
11756	 5	 0.000008824	 0.258710000	 0.000245774  FX
11757	 5	 0.000006900	 0.201000000	 0.000190950  FX
11758	 4	 0.000003168	 0.178100000	 0.000169195  FX
========================================================================
002_T7_C5_D16_VM3.txt	 2	 0.001391280209646	 0.027531
<task_id>	 <FX/VM id>	 <Custo_fin>	 <Tempo_workflow>	 <Custo_normalizado>
29	 5	 0.000009375	 0.275250000	 0.000261487  FX
1374	 5	 0.000007487	 0.218610000	 0.000207679  FX
39	 1	 0.000000744	 0.143983162	 0.000136784  VM
1575	 3	 0.000001763	 0.188852363	 0.000179410  VM
11757	 5	 0.000006900	 0.201000000	 0.000190950  FX
11756	 5	 0.000008824	 0.258710000	 0.000245774  FX
11758	 4	 0.000003168	 0.178100000	 0.000169195  FX
========================================================================
002_T7_C5_D16_VM3.txt	 3	 0.001391280209646	 0.027540
<task_id>	 <FX/VM id>	 <Custo_fin>	 <Tempo_workflow>	 <Custo_normalizado>
39	 1	 0.000000744	 0.143983162	 0.000136784  VM
1575	 2	 0.000001951	 0.188852363	 0.000179410  VM
29	 5	 0.000009375	 0.275250000	 0.000261487  FX
1374	 5	 0.000007487	 0.218610000	 0.000207679  FX
11757	 5	 0.000006900	 0.201000000	 0.000190950  FX
11756	 5	 0.000008824	 0.258710000	 0.000245774  FX
11758	 4	 0.000003168	 0.178100000	 0.000169195  FX
========================================================================
002_T7_C5_D16_VM3.txt	 4	 0.001391280209646	 0.027500
<task_id>	 <FX/VM id>	 <Custo_fin>	 <Tempo_workflow>	 <Custo_normalizado>
29	 5	 0.000009375	 0.275250000	 0.000261487  FX
1374	 5	 0.000007487	 0.218610000	 0.000207679  FX
39	 3	 0.000001344	 0.143983162	 0.000136784  VM
1575	 3	 0.000001763	 0.188852363	 0.000179410  VM
11757	 5	 0.000006900	 0.201000000	 0.000190950  FX
11756	 5	 0.000008824	 0.258710000	 0.000245774  FX
11758	 4	 0.000003168	 0.178100000	 0.000169195  FX
========================================================================
002_T7_C5_D16_VM3.txt	 5	 0.001391280209646	 0.027555
<task_id>	 <FX/VM id>	 <Custo_fin>	 <Tempo_workflow>	 <Custo_normalizado>
29	 5	 0.000009375	 0.275250000	 0.000261487  FX
1374	 5	 0.000007487	 0.218610000	 0.000207679  FX
39	 1	 0.000000744	 0.143983162	 0.000136784  VM
1575	 1	 0.000000976	 0.188852363	 0.000179410  VM
11757	 5	 0.000006900	 0.201000000	 0.000190950  FX
11756	 5	 0.000008824	 0.258710000	 0.000245774  FX
11758	 4	 0.000003168	 0.178100000	 0.000169195  FX
========================================================================
002_T7_C5_D16_VM3.txt	 6	 0.001391280209646	 0.027413
<task_id>	 <FX/VM id>	 <Custo_fin>	 <Tempo_workflow>	 <Custo_normalizado>
29	 5	 0.000009375	 0.275250000	 0.000261487  FX
39	 2	 0.000001488	 0.143983162	 0.000136784  VM
1374	 5	 0.000007487	 0.218610000	 0.000207679  FX
1575	 1	 0.000000976	 0.188852363	 0.000179410  VM
11756	 5	 0.000008824	 0.258710000	 0.000245774  FX
11757	 5	 0.000006900	 0.201000000	 0.000190950  FX
11758	 4	 0.000003168	 0.178100000	 0.000169195  FX
========================================================================
002_T7_C5_D16_VM3.txt	 7	 0.001391280209646	 0.027315
<task_id>	 <FX/VM id>	 <Custo_fin>	 <Tempo_workflow>	 <Custo_normalizado>
39	 2	 0.000001488	 0.143983162	 0.000136784  VM
1575	 2	 0.000001951	 0.188852363	 0.000179410  VM
29	 5	 0.000009375	 0.275250000	 0.000261487  FX
1374	 5	 0.000007487	 0.218610000	 0.000207679  FX
11757	 5	 0.000006900	 0.201000000	 0.000190950  FX
11756	 5	 0.000008824	 0.258710000	 0.000245774  FX
11758	 4	 0.000003168	 0.178100000	 0.000169195  FX
========================================================================
002_T7_C5_D16_VM3.txt	 8	 0.001391280209646	 0.027589
<task_id>	 <FX/VM id>	 <Custo_fin>	 <Tempo_workflow>	 <Custo_normalizado>
39	 1	 0.000000744	 0.143983162	 0.000136784  VM
1575	 3	 0.000001763	 0.188852363	 0.000179410  VM
29	 5	 0.000009375	 0.275250000	 0.000261487  FX
1374	 5	 0.000007487	 0.218610000	 0.000207679  FX
11756	 5	 0.000008824	 0.258710000	 0.000245774  FX
11757	 5	 0.000006900	 0.201000000	 0.000190950  FX
11758	 4	 0.000003168	 0.178100000	 0.000169195  FX
========================================================================
002_T7_C5_D16_VM3.txt	 9	 0.001391280209646	 0.027414
<task_id>	 <FX/VM id>	 <Custo_fin>	 <Tempo_workflow>	 <Custo_normalizado>
39	 3	 0.000001344	 0.143983162	 0.000136784  VM
1575	 3	 0.000001763	 0.188852363	 0.000179410  VM
29	 5	 0.000009375	 0.275250000	 0.000261487  FX
1374	 5	 0.000007487	 0.218610000	 0.000207679  FX
11757	 5	 0.000006900	 0.201000000	 0.000190950  FX
11756	 5	 0.000008824	 0.258710000	 0.000245774  FX
11758	 4	 0.000003168	 0.178100000	 0.000169195  FX
========================================================================
002_T7_C5_D16_VM3.txt	 10	 0.001391280209646	 0.027507
<task_id>	 <FX/VM id>	 <Custo_fin>	 <Tempo_workflow>	 <Custo_normalizado>
29	 5	 0.000009375	 0.275250000	 0.000261487  FX
1374	 5	 0.000007487	 0.218610000	 0.000207679  FX
39	 1	 0.000000744	 0.143983162	 0.000136784  VM
1575	 3	 0.000001763	 0.188852363	 0.000179410  VM
11757	 5	 0.000006900	 0.201000000	 0.000190950  FX
11756	 5	 0.000008824	 0.258710000	 0.000245774  FX
11758	 4	 0.000003168	 0.178100000	 0.000169195  FX
========================================================================
002_T7_C5_D18_VM3.txt	 1	 0.001713207922876	 0.029790
<task_id>	 <FX/VM id>	 <Custo_fin>	 <Tempo_workflow>	 <Custo_normalizado>
2	 3	 0.000001348	 0.144391020	 0.000137171  VM
1	 3	 0.000002002	 0.214443322	 0.000203721  VM
9	 3	 0.000002855	 0.305914694	 0.000290619  VM
10	 1	 0.000002306	 0.446277720	 0.000423964  VM
11	 5	 0.000009589	 0.281660000	 0.000267577  FX
12	 5	 0.000007772	 0.227160000	 0.000215802  FX
13	 4	 0.000003259	 0.183530000	 0.000174353  FX
========================================================================
002_T7_C5_D18_VM3.txt	 2	 0.001713207922876	 0.029858
<task_id>	 <FX/VM id>	 <Custo_fin>	 <Tempo_workflow>	 <Custo_normalizado>
2	 3	 0.000001348	 0.144391020	 0.000137171  VM
1	 1	 0.000001108	 0.214443322	 0.000203721  VM
9	 2	 0.000003161	 0.305914694	 0.000290619  VM
10	 1	 0.000002306	 0.446277720	 0.000423964  VM
12	 5	 0.000007772	 0.227160000	 0.000215802  FX
11	 5	 0.000009589	 0.281660000	 0.000267577  FX
13	 4	 0.000003259	 0.183530000	 0.000174353  FX
========================================================================
002_T7_C5_D18_VM3.txt	 3	 0.001713207922876	 0.029856
<task_id>	 <FX/VM id>	 <Custo_fin>	 <Tempo_workflow>	 <Custo_normalizado>
2	 2	 0.000001492	 0.144391020	 0.000137171  VM
1	 1	 0.000001108	 0.214443322	 0.000203721  VM
9	 3	 0.000002855	 0.305914694	 0.000290619  VM
10	 3	 0.000004165	 0.446277720	 0.000423964  VM
11	 5	 0.000009589	 0.281660000	 0.000267577  FX
12	 5	 0.000007772	 0.227160000	 0.000215802  FX
13	 4	 0.000003259	 0.183530000	 0.000174353  FX
========================================================================
002_T7_C5_D18_VM3.txt	 4	 0.001713207922876	 0.029783
<task_id>	 <FX/VM id>	 <Custo_fin>	 <Tempo_workflow>	 <Custo_normalizado>
1	 1	 0.000001108	 0.214443322	 0.000203721  VM
2	 1	 0.000000746	 0.144391020	 0.000137171  VM
9	 1	 0.000001581	 0.305914694	 0.000290619  VM
10	 3	 0.000004165	 0.446277720	 0.000423964  VM
11	 5	 0.000009589	 0.281660000	 0.000267577  FX
12	 5	 0.000007772	 0.227160000	 0.000215802  FX
13	 4	 0.000003259	 0.183530000	 0.000174353  FX
========================================================================
002_T7_C5_D18_VM3.txt	 5	 0.001713207922876	 0.029788
<task_id>	 <FX/VM id>	 <Custo_fin>	 <Tempo_workflow>	 <Custo_normalizado>
2	 1	 0.000000746	 0.144391020	 0.000137171  VM
1	 2	 0.000002216	 0.214443322	 0.000203721  VM
9	 2	 0.000003161	 0.305914694	 0.000290619  VM
10	 3	 0.000004165	 0.446277720	 0.000423964  VM
11	 5	 0.000009589	 0.281660000	 0.000267577  FX
12	 5	 0.000007772	 0.227160000	 0.000215802  FX
13	 4	 0.000003259	 0.183530000	 0.000174353  FX
========================================================================
002_T7_C5_D18_VM3.txt	 6	 0.001713207922876	 0.029744
<task_id>	 <FX/VM id>	 <Custo_fin>	 <Tempo_workflow>	 <Custo_normalizado>
2	 1	 0.000000746	 0.144391020	 0.000137171  VM
1	 1	 0.000001108	 0.214443322	 0.000203721  VM
9	 1	 0.000001581	 0.305914694	 0.000290619  VM
10	 3	 0.000004165	 0.446277720	 0.000423964  VM
11	 5	 0.000009589	 0.281660000	 0.000267577  FX
12	 5	 0.000007772	 0.227160000	 0.000215802  FX
13	 4	 0.000003259	 0.183530000	 0.000174353  FX
========================================================================
002_T7_C5_D18_VM3.txt	 7	 0.001713207922876	 0.029747
<task_id>	 <FX/VM id>	 <Custo_fin>	 <Tempo_workflow>	 <Custo_normalizado>
2	 2	 0.000001492	 0.144391020	 0.000137171  VM
1	 1	 0.000001108	 0.214443322	 0.000203721  VM
9	 1	 0.000001581	 0.305914694	 0.000290619  VM
10	 1	 0.000002306	 0.446277720	 0.000423964  VM
11	 5	 0.000009589	 0.281660000	 0.000267577  FX
12	 5	 0.000007772	 0.227160000	 0.000215802  FX
13	 4	 0.000003259	 0.183530000	 0.000174353  FX
========================================================================
002_T7_C5_D18_VM3.txt	 8	 0.001713207922876	 0.029852
<task_id>	 <FX/VM id>	 <Custo_fin>	 <Tempo_workflow>	 <Custo_normalizado>
2	 1	 0.000000746	 0.144391020	 0.000137171  VM
1	 3	 0.000002002	 0.214443322	 0.000203721  VM
9	 1	 0.000001581	 0.305914694	 0.000290619  VM
10	 1	 0.000002306	 0.446277720	 0.000423964  VM
11	 5	 0.000009589	 0.281660000	 0.000267577  FX
12	 5	 0.000007772	 0.227160000	 0.000215802  FX
13	 4	 0.000003259	 0.183530000	 0.000174353  FX
========================================================================
002_T7_C5_D18_VM3.txt	 9	 0.001713207922876	 0.029741
<task_id>	 <FX/VM id>	 <Custo_fin>	 <Tempo_workflow>	 <Custo_normalizado>
2	 1	 0.000000746	 0.144391020	 0.000137171  VM
1	 1	 0.000001108	 0.214443322	 0.000203721  VM
9	 1	 0.000001581	 0.305914694	 0.000290619  VM
10	 3	 0.000004165	 0.446277720	 0.000423964  VM
12	 5	 0.000007772	 0.227160000	 0.000215802  FX
11	 5	 0.000009589	 0.281660000	 0.000267577  FX
13	 4	 0.000003259	 0.183530000	 0.000174353  FX
========================================================================
002_T7_C5_D18_VM3.txt	 10	 0.001713207922876	 0.029735
<task_id>	 <FX/VM id>	 <Custo_fin>	 <Tempo_workflow>	 <Custo_normalizado>
1	 3	 0.000002002	 0.214443322	 0.000203721  VM
2	 1	 0.000000746	 0.144391020	 0.000137171  VM
9	 3	 0.000002855	 0.305914694	 0.000290619  VM
10	 1	 0.000002306	 0.446277720	 0.000423964  VM
11	 5	 0.000009589	 0.281660000	 0.000267577  FX
12	 5	 0.000007772	 0.227160000	 0.000215802  FX
13	 4	 0.000003259	 0.183530000	 0.000174353  FX
========================================================================
005_T16_C5_D35_VM3.txt	 1	 0.003471284173429	 0.240849
<task_id>	 <FX/VM id>	 <Custo_fin>	 <Tempo_workflow>	 <Custo_normalizado>
753	 3	 0.000001369	 0.146684359	 0.000139350  VM
733	 2	 0.000002085	 0.201786880	 0.000191698  VM
1322	 5	 0.000007333	 0.213990000	 0.000203290  FX
1347	 3	 0.000001320	 0.141414177	 0.000134343  VM
1381	 3	 0.000001545	 0.165480466	 0.000157206  VM
1582	 3	 0.000001762	 0.188791315	 0.000179352  VM
1548	 3	 0.000002299	 0.246305346	 0.000233990  VM
1523	 2	 0.000002483	 0.240306516	 0.000228291  VM
1401	 5	 0.000007806	 0.228180000	 0.000216771  FX
1602	 1	 0.000001040	 0.201324265	 0.000191258  VM
11797	 5	 0.000010750	 0.316490000	 0.000300665  FX
11800	 5	 0.000008983	 0.263500000	 0.000250325  FX
11798	 5	 0.000009315	 0.273450000	 0.000259777  FX
11801	 5	 0.000008981	 0.263430000	 0.000250258  FX
11799	 5	 0.000009440	 0.277200000	 0.000263340  FX
11802	 5	 0.000009722	 0.285650000	 0.000271367  FX
========================================================================
005_T16_C5_D35_VM3.txt	 2	 0.003489095717669	 0.252472
<task_id>	 <FX/VM id>	 <Custo_fin>	 <Tempo_workflow>	 <Custo_normalizado>
1322	 3	 0.000001691	 0.181209047	 0.000172149  VM
1381	 1	 0.000000855	 0.165480466	 0.000157206  VM
1602	 2	 0.000002080	 0.201324265	 0.000191258  VM
753	 1	 0.000000758	 0.146684359	 0.000139350  VM
733	 3	 0.000001883	 0.201786880	 0.000191698  VM
1523	 1	 0.000001242	 0.240306516	 0.000228291  VM
1548	 3	 0.000002299	 0.246305346	 0.000233990  VM
1347	 3	 0.000001320	 0.141414177	 0.000134343  VM
1582	 3	 0.000001762	 0.188791315	 0.000179352  VM
1401	 4	 0.000004862	 0.279710000	 0.000265724  FX
11797	 5	 0.000010750	 0.316490000	 0.000300665  FX
11801	 5	 0.000008981	 0.263430000	 0.000250258  FX
11799	 5	 0.000009440	 0.277200000	 0.000263340  FX
11798	 5	 0.000009315	 0.273450000	 0.000259777  FX
11800	 5	 0.000008983	 0.263500000	 0.000250325  FX
11802	 5	 0.000009722	 0.285650000	 0.000271367  FX
========================================================================
005_T16_C5_D35_VM3.txt	 3	 0.003496457822621	 0.242451
<task_id>	 <FX/VM id>	 <Custo_fin>	 <Tempo_workflow>	 <Custo_normalizado>
1322	 3	 0.000001691	 0.181209047	 0.000172149  VM
1347	 1	 0.000000731	 0.141414177	 0.000134343  VM
1582	 2	 0.000001951	 0.188791315	 0.000179352  VM
733	 2	 0.000002085	 0.201786880	 0.000191698  VM
753	 1	 0.000000758	 0.146684359	 0.000139350  VM
1548	 3	 0.000002299	 0.246305346	 0.000233990  VM
1401	 5	 0.000007806	 0.228180000	 0.000216771  FX
1381	 4	 0.000003858	 0.219460000	 0.000208487  FX
1523	 3	 0.000002243	 0.240306516	 0.000228291  VM
1602	 1	 0.000001040	 0.201324265	 0.000191258  VM
11798	 5	 0.000009315	 0.273450000	 0.000259777  FX
11799	 5	 0.000009440	 0.277200000	 0.000263340  FX
11801	 5	 0.000008981	 0.263430000	 0.000250258  FX
11797	 5	 0.000010750	 0.316490000	 0.000300665  FX
11800	 5	 0.000008983	 0.263500000	 0.000250325  FX
11802	 4	 0.000005049	 0.290950000	 0.000276402  FX
========================================================================
005_T16_C5_D35_VM3.txt	 4	 0.003529432695359	 0.241827
<task_id>	 <FX/VM id>	 <Custo_fin>	 <Tempo_workflow>	 <Custo_normalizado>
1381	 1	 0.000000855	 0.165480466	 0.000157206  VM
1322	 3	 0.000001691	 0.181209047	 0.000172149  VM
1347	 1	 0.000000731	 0.141414177	 0.000134343  VM
733	 3	 0.000001883	 0.201786880	 0.000191698  VM
1548	 2	 0.000002545	 0.246305346	 0.000233990  VM
1602	 2	 0.000002080	 0.201324265	 0.000191258  VM
753	 1	 0.000000758	 0.146684359	 0.000139350  VM
1401	 5	 0.000007806	 0.228180000	 0.000216771  FX
1582	 1	 0.000000975	 0.188791315	 0.000179352  VM
1523	 1	 0.000001242	 0.240306516	 0.000228291  VM
11799	 4	 0.000006298	 0.365890000	 0.000347595  FX
11798	 5	 0.000009315	 0.273450000	 0.000259777  FX
11801	 5	 0.000008981	 0.263430000	 0.000250258  FX
11800	 5	 0.000008983	 0.263500000	 0.000250325  FX
11797	 5	 0.000010750	 0.316490000	 0.000300665  FX
11802	 4	 0.000005049	 0.290950000	 0.000276402  FX
========================================================================
005_T16_C5_D35_VM3.txt	 5	 0.003440142143518	 0.239813
<task_id>	 <FX/VM id>	 <Custo_fin>	 <Tempo_workflow>	 <Custo_normalizado>
1381	 1	 0.000000855	 0.165480466	 0.000157206  VM
753	 3	 0.000001369	 0.146684359	 0.000139350  VM
733	 3	 0.000001883	 0.201786880	 0.000191698  VM
1322	 2	 0.000001872	 0.181209047	 0.000172149  VM
1347	 1	 0.000000731	 0.141414177	 0.000134343  VM
1602	 2	 0.000002080	 0.201324265	 0.000191258  VM
1523	 3	 0.000002243	 0.240306516	 0.000228291  VM
1548	 3	 0.000002299	 0.246305346	 0.000233990  VM
1401	 5	 0.000007806	 0.228180000	 0.000216771  FX
1582	 3	 0.000001762	 0.188791315	 0.000179352  VM
11798	 5	 0.000009315	 0.273450000	 0.000259777  FX
11800	 5	 0.000008983	 0.263500000	 0.000250325  FX
11797	 5	 0.000010750	 0.316490000	 0.000300665  FX
11799	 5	 0.000009440	 0.277200000	 0.000263340  FX
11801	 5	 0.000008981	 0.263430000	 0.000250258  FX
11802	 5	 0.000009722	 0.285650000	 0.000271367  FX
========================================================================
005_T16_C5_D35_VM3.txt	 6	 0.003531950293109	 0.240674
<task_id>	 <FX/VM id>	 <Custo_fin>	 <Tempo_workflow>	 <Custo_normalizado>
1381	 2	 0.000001710	 0.165480466	 0.000157206  VM
1322	 2	 0.000001872	 0.181209047	 0.000172149  VM
753	 2	 0.000001516	 0.146684359	 0.000139350  VM
1347	 2	 0.000001461	 0.141414177	 0.000134343  VM
733	 2	 0.000002085	 0.201786880	 0.000191698  VM
1602	 2	 0.000002080	 0.201324265	 0.000191258  VM
1582	 3	 0.000001762	 0.188791315	 0.000179352  VM
1548	 3	 0.000002299	 0.246305346	 0.000233990  VM
1401	 5	 0.000007806	 0.228180000	 0.000216771  FX
1523	 3	 0.000002243	 0.240306516	 0.000228291  VM
11797	 5	 0.000010750	 0.316490000	 0.000300665  FX
11800	 5	 0.000008983	 0.263500000	 0.000250325  FX
11801	 5	 0.000008981	 0.263430000	 0.000250258  FX
11799	 5	 0.000009440	 0.277200000	 0.000263340  FX
11798	 4	 0.000006280	 0.364790000	 0.000346550  FX
11802	 4	 0.000005049	 0.290950000	 0.000276402  FX
========================================================================
005_T16_C5_D35_VM3.txt	 7	 0.003445177106187	 0.240102
<task_id>	 <FX/VM id>	 <Custo_fin>	 <Tempo_workflow>	 <Custo_normalizado>
1322	 1	 0.000000936	 0.181209047	 0.000172149  VM
753	 3	 0.000001369	 0.146684359	 0.000139350  VM
733	 2	 0.000002085	 0.201786880	 0.000191698  VM
1523	 1	 0.000001242	 0.240306516	 0.000228291  VM
1347	 1	 0.000000731	 0.141414177	 0.000134343  VM
1401	 5	 0.000007806	 0.228180000	 0.000216771  FX
1381	 3	 0.000001545	 0.165480466	 0.000157206  VM
1582	 3	 0.000001762	 0.188791315	 0.000179352  VM
1548	 3	 0.000002299	 0.246305346	 0.000233990  VM
1602	 1	 0.000001040	 0.201324265	 0.000191258  VM
11798	 5	 0.000009315	 0.273450000	 0.000259777  FX
11801	 5	 0.000008981	 0.263430000	 0.000250258  FX
11799	 5	 0.000009440	 0.277200000	 0.000263340  FX
11797	 5	 0.000010750	 0.316490000	 0.000300665  FX
11800	 5	 0.000008983	 0.263500000	 0.000250325  FX
11802	 4	 0.000005049	 0.290950000	 0.000276402  FX
========================================================================
005_T16_C5_D35_VM3.txt	 8	 0.003510167123750	 0.242252
<task_id>	 <FX/VM id>	 <Custo_fin>	 <Tempo_workflow>	 <Custo_normalizado>
1347	 2	 0.000001461	 0.141414177	 0.000134343  VM
1582	 3	 0.000001762	 0.188791315	 0.000179352  VM
1381	 5	 0.000006904	 0.201110000	 0.000191054  FX
753	 2	 0.000001516	 0.146684359	 0.000139350  VM
1602	 1	 0.000001040	 0.201324265	 0.000191258  VM
1322	 5	 0.000007333	 0.213990000	 0.000203290  FX
733	 2	 0.000002085	 0.201786880	 0.000191698  VM
1523	 1	 0.000001242	 0.240306516	 0.000228291  VM
1548	 2	 0.000002545	 0.246305346	 0.000233990  VM
1401	 5	 0.000007806	 0.228180000	 0.000216771  FX
11798	 5	 0.000009315	 0.273450000	 0.000259777  FX
11800	 5	 0.000008983	 0.263500000	 0.000250325  FX
11797	 5	 0.000010750	 0.316490000	 0.000300665  FX
11799	 5	 0.000009440	 0.277200000	 0.000263340  FX
11801	 5	 0.000008981	 0.263430000	 0.000250258  FX
11802	 4	 0.000005049	 0.290950000	 0.000276402  FX
========================================================================
005_T16_C5_D35_VM3.txt	 9	 0.003445177106187	 0.240519
<task_id>	 <FX/VM id>	 <Custo_fin>	 <Tempo_workflow>	 <Custo_normalizado>
1381	 2	 0.000001710	 0.165480466	 0.000157206  VM
1347	 1	 0.000000731	 0.141414177	 0.000134343  VM
1582	 2	 0.000001951	 0.188791315	 0.000179352  VM
753	 3	 0.000001369	 0.146684359	 0.000139350  VM
1322	 1	 0.000000936	 0.181209047	 0.000172149  VM
1602	 3	 0.000001879	 0.201324265	 0.000191258  VM
1548	 1	 0.000001273	 0.246305346	 0.000233990  VM
733	 1	 0.000001043	 0.201786880	 0.000191698  VM
1401	 5	 0.000007806	 0.228180000	 0.000216771  FX
1523	 1	 0.000001242	 0.240306516	 0.000228291  VM
11797	 5	 0.000010750	 0.316490000	 0.000300665  FX
11799	 5	 0.000009440	 0.277200000	 0.000263340  FX
11798	 5	 0.000009315	 0.273450000	 0.000259777  FX
11800	 5	 0.000008983	 0.263500000	 0.000250325  FX
11801	 5	 0.000008981	 0.263430000	 0.000250258  FX
11802	 4	 0.000005049	 0.290950000	 0.000276402  FX
========================================================================
005_T16_C5_D35_VM3.txt	 10	 0.003440142143518	 0.240713
<task_id>	 <FX/VM id>	 <Custo_fin>	 <Tempo_workflow>	 <Custo_normalizado>
1322	 3	 0.000001691	 0.181209047	 0.000172149  VM
733	 3	 0.000001883	 0.201786880	 0.000191698  VM
1381	 2	 0.000001710	 0.165480466	 0.000157206  VM
753	 1	 0.000000758	 0.146684359	 0.000139350  VM
1548	 3	 0.000002299	 0.246305346	 0.000233990  VM
1401	 5	 0.000007806	 0.228180000	 0.000216771  FX
1347	 3	 0.000001320	 0.141414177	 0.000134343  VM
1523	 1	 0.000001242	 0.240306516	 0.000228291  VM
1602	 3	 0.000001879	 0.201324265	 0.000191258  VM
1582	 1	 0.000000975	 0.188791315	 0.000179352  VM
11799	 5	 0.000009440	 0.277200000	 0.000263340  FX
11797	 5	 0.000010750	 0.316490000	 0.000300665  FX
11801	 5	 0.000008981	 0.263430000	 0.000250258  FX
11798	 5	 0.000009315	 0.273450000	 0.000259777  FX
11800	 5	 0.000008983	 0.263500000	 0.000250325  FX
11802	 5	 0.000009722	 0.285650000	 0.000271367  FX
========================================================================
005_T16_C5_D38_VM3.txt	 1	 0.003716898150742	 0.258045
<task_id>	 <FX/VM id>	 <Custo_fin>	 <Tempo_workflow>	 <Custo_normalizado>
863	 2	 0.000001476	 0.142834397	 0.000135693  VM
732	 1	 0.000001010	 0.195384221	 0.000185615  VM
1320	 3	 0.000002302	 0.252200000	 0.000239590  FX
813	 3	 0.000001637	 0.175378817	 0.000166610  VM
1521	 1	 0.000001412	 0.273211548	 0.000259551  VM
752	 2	 0.000001605	 0.155315056	 0.000147549  VM
1317	 2	 0.000001374	 0.132953058	 0.000126305  VM
1372	 5	 0.000007380	 0.215410000	 0.000204639  FX
1518	 1	 0.000001428	 0.276301988	 0.000262487  VM
1573	 3	 0.000002093	 0.224275256	 0.000213061  VM
6748	 5	 0.000010262	 0.301870000	 0.000286776  FX
6749	 5	 0.000009773	 0.287190000	 0.000272830  FX
6746	 5	 0.000010449	 0.307470000	 0.000292096  FX
6747	 5	 0.000010156	 0.298670000	 0.000283736  FX
6745	 5	 0.000012378	 0.365340000	 0.000347073  FX
6750	 4	 0.000005345	 0.308720000	 0.000293284  FX
========================================================================
005_T16_C5_D38_VM3.txt	 2	 0.003670148551464	 0.258420
<task_id>	 <FX/VM id>	 <Custo_fin>	 <Tempo_workflow>	 <Custo_normalizado>
813	 3	 0.000001637	 0.175378817	 0.000166610  VM
752	 1	 0.000000803	 0.155315056	 0.000147549  VM
732	 2	 0.000002019	 0.195384221	 0.000185615  VM
863	 3	 0.000001333	 0.142834397	 0.000135693  VM
1320	 5	 0.000007636	 0.223090000	 0.000211935  FX
1372	 5	 0.000007380	 0.215410000	 0.000204639  FX
1521	 3	 0.000002550	 0.273211548	 0.000259551  VM
1317	 3	 0.000001241	 0.132953058	 0.000126305  VM
1573	 3	 0.000002093	 0.224275256	 0.000213061  VM
1518	 3	 0.000002579	 0.276301988	 0.000262487  VM
6745	 5	 0.000012378	 0.365340000	 0.000347073  FX
6749	 5	 0.000009773	 0.287190000	 0.000272830  FX
6746	 5	 0.000010449	 0.307470000	 0.000292096  FX
6748	 5	 0.000010262	 0.301870000	 0.000286776  FX
6747	 5	 0.000010156	 0.298670000	 0.000283736  FX
6750	 5	 0.000009821	 0.288620000	 0.000274189  FX
========================================================================
005_T16_C5_D38_VM3.txt	 3	 0.003717268584296	 0.257569
<task_id>	 <FX/VM id>	 <Custo_fin>	 <Tempo_workflow>	 <Custo_normalizado>
813	 3	 0.000001637	 0.175378817	 0.000166610  VM
1317	 1	 0.000000687	 0.132953058	 0.000126305  VM
732	 2	 0.000002019	 0.195384221	 0.000185615  VM
1320	 4	 0.000004494	 0.257640000	 0.000244758  FX
863	 1	 0.000000738	 0.142834397	 0.000135693  VM
1518	 3	 0.000002579	 0.276301988	 0.000262487  VM
1573	 2	 0.000002317	 0.224275256	 0.000213061  VM
1521	 3	 0.000002550	 0.273211548	 0.000259551  VM
752	 3	 0.000001450	 0.155315056	 0.000147549  VM
1372	 4	 0.000003706	 0.210360000	 0.000199842  FX
6748	 5	 0.000010262	 0.301870000	 0.000286776  FX
6746	 5	 0.000010449	 0.307470000	 0.000292096  FX
6749	 5	 0.000009773	 0.287190000	 0.000272830  FX
6745	 5	 0.000012378	 0.365340000	 0.000347073  FX
6747	 5	 0.000010156	 0.298670000	 0.000283736  FX
6750	 4	 0.000005345	 0.308720000	 0.000293284  FX
========================================================================
005_T16_C5_D38_VM3.txt	 4	 0.003791986033320	 0.257901
<task_id>	 <FX/VM id>	 <Custo_fin>	 <Tempo_workflow>	 <Custo_normalizado>
752	 2	 0.000001605	 0.155315056	 0.000147549  VM
1317	 1	 0.000000687	 0.132953058	 0.000126305  VM
1573	 3	 0.000002093	 0.224275256	 0.000213061  VM
813	 1	 0.000000906	 0.175378817	 0.000166610  VM
1372	 5	 0.000007380	 0.215410000	 0.000204639  FX
732	 3	 0.000001824	 0.195384221	 0.000185615  VM
863	 3	 0.000001333	 0.142834397	 0.000135693  VM
1518	 3	 0.000002579	 0.276301988	 0.000262487  VM
1521	 1	 0.000001412	 0.273211548	 0.000259551  VM
1320	 5	 0.000007636	 0.223090000	 0.000211935  FX
6745	 5	 0.000012378	 0.365340000	 0.000347073  FX
6749	 5	 0.000009773	 0.287190000	 0.000272830  FX
6746	 5	 0.000010449	 0.307470000	 0.000292096  FX
6747	 5	 0.000010156	 0.298670000	 0.000283736  FX
6748	 4	 0.000007034	 0.410020000	 0.000389519  FX
6750	 4	 0.000005345	 0.308720000	 0.000293284  FX
========================================================================
005_T16_C5_D38_VM3.txt	 5	 0.003729751566425	 0.257555
<task_id>	 <FX/VM id>	 <Custo_fin>	 <Tempo_workflow>	 <Custo_normalizado>
752	 1	 0.000000803	 0.155315056	 0.000147549  VM
1317	 2	 0.000001374	 0.132953058	 0.000126305  VM
732	 1	 0.000001010	 0.195384221	 0.000185615  VM
1573	 2	 0.000002317	 0.224275256	 0.000213061  VM
863	 2	 0.000001476	 0.142834397	 0.000135693  VM
1320	 4	 0.000004494	 0.257640000	 0.000244758  FX
1372	 3	 0.000002230	 0.243600000	 0.000231420  FX
813	 1	 0.000000906	 0.175378817	 0.000166610  VM
1521	 2	 0.000002823	 0.273211548	 0.000259551  VM
1518	 3	 0.000002579	 0.276301988	 0.000262487  VM
6746	 5	 0.000010449	 0.307470000	 0.000292096  FX
6747	 5	 0.000010156	 0.298670000	 0.000283736  FX
6749	 5	 0.000009773	 0.287190000	 0.000272830  FX
6745	 5	 0.000012378	 0.365340000	 0.000347073  FX
6748	 5	 0.000010262	 0.301870000	 0.000286776  FX
6750	 5	 0.000009821	 0.288620000	 0.000274189  FX
========================================================================
005_T16_C5_D38_VM3.txt	 6	 0.003818766679615	 0.259138
<task_id>	 <FX/VM id>	 <Custo_fin>	 <Tempo_workflow>	 <Custo_normalizado>
752	 2	 0.000001605	 0.155315056	 0.000147549  VM
813	 2	 0.000001812	 0.175378817	 0.000166610  VM
863	 2	 0.000001476	 0.142834397	 0.000135693  VM
1317	 2	 0.000001374	 0.132953058	 0.000126305  VM
1372	 3	 0.000002230	 0.243600000	 0.000231420  FX
1573	 3	 0.000002093	 0.224275256	 0.000213061  VM
732	 1	 0.000001010	 0.195384221	 0.000185615  VM
1521	 2	 0.000002823	 0.273211548	 0.000259551  VM
1320	 5	 0.000007636	 0.223090000	 0.000211935  FX
1518	 3	 0.000002579	 0.276301988	 0.000262487  VM
6745	 5	 0.000012378	 0.365340000	 0.000347073  FX
6747	 5	 0.000010156	 0.298670000	 0.000283736  FX
6749	 5	 0.000009773	 0.287190000	 0.000272830  FX
6746	 5	 0.000010449	 0.307470000	 0.000292096  FX
6748	 4	 0.000007034	 0.410020000	 0.000389519  FX
6750	 4	 0.000005345	 0.308720000	 0.000293284  FX
========================================================================
005_T16_C5_D38_VM3.txt	 7	 0.003684445982799	 0.258111
<task_id>	 <FX/VM id>	 <Custo_fin>	 <Tempo_workflow>	 <Custo_normalizado>
1317	 3	 0.000001241	 0.132953058	 0.000126305  VM
863	 3	 0.000001333	 0.142834397	 0.000135693  VM
732	 1	 0.000001010	 0.195384221	 0.000185615  VM
752	 1	 0.000000803	 0.155315056	 0.000147549  VM
813	 2	 0.000001812	 0.175378817	 0.000166610  VM
1573	 1	 0.000001159	 0.224275256	 0.000213061  VM
1518	 1	 0.000001428	 0.276301988	 0.000262487  VM
1372	 4	 0.000003706	 0.210360000	 0.000199842  FX
1521	 1	 0.000001412	 0.273211548	 0.000259551  VM
1320	 5	 0.000007636	 0.223090000	 0.000211935  FX
6749	 5	 0.000009773	 0.287190000	 0.000272830  FX
6748	 5	 0.000010262	 0.301870000	 0.000286776  FX
6745	 5	 0.000012378	 0.365340000	 0.000347073  FX
6747	 5	 0.000010156	 0.298670000	 0.000283736  FX
6746	 5	 0.000010449	 0.307470000	 0.000292096  FX
6750	 4	 0.000005345	 0.308720000	 0.000293284  FX
========================================================================
005_T16_C5_D38_VM3.txt	 8	 0.003689243691042	 0.258519
<task_id>	 <FX/VM id>	 <Custo_fin>	 <Tempo_workflow>	 <Custo_normalizado>
1317	 2	 0.000001374	 0.132953058	 0.000126305  VM
732	 3	 0.000001824	 0.195384221	 0.000185615  VM
1573	 3	 0.000002093	 0.224275256	 0.000213061  VM
863	 2	 0.000001476	 0.142834397	 0.000135693  VM
813	 1	 0.000000906	 0.175378817	 0.000166610  VM
1521	 2	 0.000002823	 0.273211548	 0.000259551  VM
752	 2	 0.000001605	 0.155315056	 0.000147549  VM
1372	 5	 0.000007380	 0.215410000	 0.000204639  FX
1518	 1	 0.000001428	 0.276301988	 0.000262487  VM
1320	 5	 0.000007636	 0.223090000	 0.000211935  FX
6748	 5	 0.000010262	 0.301870000	 0.000286776  FX
6747	 5	 0.000010156	 0.298670000	 0.000283736  FX
6745	 5	 0.000012378	 0.365340000	 0.000347073  FX
6746	 5	 0.000010449	 0.307470000	 0.000292096  FX
6749	 5	 0.000009773	 0.287190000	 0.000272830  FX
6750	 4	 0.000005345	 0.308720000	 0.000293284  FX
========================================================================
005_T16_C5_D38_VM3.txt	 9	 0.003689243691042	 0.257820
<task_id>	 <FX/VM id>	 <Custo_fin>	 <Tempo_workflow>	 <Custo_normalizado>
752	 2	 0.000001605	 0.155315056	 0.000147549  VM
1317	 1	 0.000000687	 0.132953058	 0.000126305  VM
732	 2	 0.000002019	 0.195384221	 0.000185615  VM
863	 2	 0.000001476	 0.142834397	 0.000135693  VM
813	 1	 0.000000906	 0.175378817	 0.000166610  VM
1372	 5	 0.000007380	 0.215410000	 0.000204639  FX
1518	 3	 0.000002579	 0.276301988	 0.000262487  VM
1573	 1	 0.000001159	 0.224275256	 0.000213061  VM
1320	 5	 0.000007636	 0.223090000	 0.000211935  FX
1521	 1	 0.000001412	 0.273211548	 0.000259551  VM
6745	 5	 0.000012378	 0.365340000	 0.000347073  FX
6746	 5	 0.000010449	 0.307470000	 0.000292096  FX
6748	 5	 0.000010262	 0.301870000	 0.000286776  FX
6747	 5	 0.000010156	 0.298670000	 0.000283736  FX
6749	 5	 0.000009773	 0.287190000	 0.000272830  FX
6750	 4	 0.000005345	 0.308720000	 0.000293284  FX
========================================================================
005_T16_C5_D38_VM3.txt	 10	 0.003697803011164	 0.258288
<task_id>	 <FX/VM id>	 <Custo_fin>	 <Tempo_workflow>	 <Custo_normalizado>
752	 3	 0.000001450	 0.155315056	 0.000147549  VM
732	 2	 0.000002019	 0.195384221	 0.000185615  VM
863	 1	 0.000000738	 0.142834397	 0.000135693  VM
813	 2	 0.000001812	 0.175378817	 0.000166610  VM
1320	 3	 0.000002302	 0.252200000	 0.000239590  FX
1317	 3	 0.000001241	 0.132953058	 0.000126305  VM
1372	 5	 0.000007380	 0.215410000	 0.000204639  FX
1573	 2	 0.000002317	 0.224275256	 0.000213061  VM
1518	 3	 0.000002579	 0.276301988	 0.000262487  VM
1521	 3	 0.000002550	 0.273211548	 0.000259551  VM
6749	 5	 0.000009773	 0.287190000	 0.000272830  FX
6748	 5	 0.000010262	 0.301870000	 0.000286776  FX
6745	 5	 0.000012378	 0.365340000	 0.000347073  FX
6747	 5	 0.000010156	 0.298670000	 0.000283736  FX
6746	 5	 0.000010449	 0.307470000	 0.000292096  FX
6750	 5	 0.000009821	 0.288620000	 0.000274189  FX
========================================================================
010_T31_C5_D70_VM3.txt	 1	 0.009234845638275	 1.673844
<task_id>	 <FX/VM id>	 <Custo_fin>	 <Tempo_workflow>	 <Custo_normalizado>
1309	 1	 0.000001082	 0.209340933	 0.000198874  VM
856	 1	 0.000000795	 0.153911115	 0.000146216  VM
1388	 5	 0.000007356	 0.214690000	 0.000203955  FX
1300	 1	 0.000000764	 0.147905738	 0.000140510  VM
1540	 2	 0.000002704	 0.261707218	 0.000248622  VM
1333	 1	 0.000000608	 0.117757368	 0.000111869  VM
1289	 3	 0.000001377	 0.147510697	 0.000140135  VM
853	 3	 0.000001639	 0.175563824	 0.000166786  VM
806	 2	 0.000001683	 0.162863752	 0.000154721  VM
1589	 5	 0.000008649	 0.253480000	 0.000240806  FX
803	 3	 0.000002494	 0.267201462	 0.000253841  VM
1394	 4	 0.000003599	 0.203940000	 0.000193743  FX
1501	 1	 0.000001365	 0.264106471	 0.000250901  VM
1397	 5	 0.000007440	 0.217200000	 0.000206340  FX
1339	 2	 0.000001338	 0.129527439	 0.000123051  VM
1595	 4	 0.000004395	 0.251720000	 0.000239134  FX
1510	 2	 0.000002789	 0.269952793	 0.000256455  VM
1598	 5	 0.000008495	 0.248850000	 0.000236407  FX
1490	 3	 0.000002486	 0.266334569	 0.000253018  VM
1534	 1	 0.000001405	 0.271916411	 0.000258321  VM
6835	 5	 0.000017994	 0.533830000	 0.000507138  FX
6837	 5	 0.000015673	 0.464200000	 0.000440990  FX
6836	 4	 0.000011613	 0.684780000	 0.000650541  FX
6843	 5	 0.000014674	 0.434210000	 0.000412499  FX
6844	 5	 0.000014195	 0.419860000	 0.000398867  FX
6838	 5	 0.000016146	 0.478380000	 0.000454461  FX
6840	 5	 0.000015734	 0.466010000	 0.000442709  FX
6841	 5	 0.000015769	 0.467060000	 0.000443707  FX
6842	 4	 0.000009891	 0.581470000	 0.000552396  FX
6839	 5	 0.000015172	 0.449170000	 0.000426711  FX
6845	 5	 0.000017081	 0.506440000	 0.000481118  FX
========================================================================
010_T31_C5_D70_VM3.txt	 2	 0.009357019327581	 1.663637
<task_id>	 <FX/VM id>	 <Custo_fin>	 <Tempo_workflow>	 <Custo_normalizado>
1289	 3	 0.000001377	 0.147510697	 0.000140135  VM
1339	 2	 0.000001338	 0.129527439	 0.000123051  VM
1388	 4	 0.000003617	 0.205040000	 0.000194788  FX
1309	 2	 0.000002163	 0.209340933	 0.000198874  VM
1595	 5	 0.000008142	 0.238260000	 0.000226347  FX
1333	 2	 0.000001217	 0.117757368	 0.000111869  VM
1589	 2	 0.000002282	 0.220892929	 0.000209848  VM
806	 1	 0.000000842	 0.162863752	 0.000154721  VM
1540	 1	 0.000001352	 0.261707218	 0.000248622  VM
1397	 4	 0.000004007	 0.228390000	 0.000216970  FX
1598	 3	 0.000002034	 0.217881123	 0.000206987  VM
1300	 1	 0.000000764	 0.147905738	 0.000140510  VM
1534	 1	 0.000001405	 0.271916411	 0.000258321  VM
803	 1	 0.000001381	 0.267201462	 0.000253841  VM
853	 2	 0.000001814	 0.175563824	 0.000166786  VM
856	 2	 0.000001590	 0.153911115	 0.000146216  VM
1490	 3	 0.000002486	 0.266334569	 0.000253018  VM
1501	 3	 0.000002465	 0.264106471	 0.000250901  VM
1394	 5	 0.000006792	 0.197760000	 0.000187872  FX
1510	 3	 0.000002520	 0.269952793	 0.000256455  VM
6840	 5	 0.000015734	 0.466010000	 0.000442709  FX
