<Instância> 	 <Semente> 	 <Melhor_Custo> 	 <Tempo_CPU>
002_T7_C5_D14_VM3.txt	 1	 0.000076771713793	 0.031676
<task_id>	 <FX/VM id>	 <Custo_fin>	 <Tempo_workflow>	 <Custo_normalizado>
1415	 3	 0.000001037	 0.111121144	 0.000005556  VM
1616	 3	 0.000002030	 0.217467697	 0.000010873  VM
1295	 1	 0.000001435	 0.277654822	 0.000013883  VM
1496	 4	 0.000005778	 0.334700000	 0.000016735  FX
6704	 5	 0.000008096	 0.236870000	 0.000011844  FX
6705	 5	 0.000006404	 0.186120000	 0.000009306  FX
6706	 5	 0.000005917	 0.171500000	 0.000008575  FX
========================================================================
002_T7_C5_D14_VM3.txt	 2	 0.000076771713793	 0.025641
<task_id>	 <FX/VM id>	 <Custo_fin>	 <Tempo_workflow>	 <Custo_normalizado>
1415	 3	 0.000001037	 0.111121144	 0.000005556  VM
1616	 1	 0.000001124	 0.217467697	 0.000010873  VM
1295	 3	 0.000002592	 0.277654822	 0.000013883  VM
1496	 4	 0.000005778	 0.334700000	 0.000016735  FX
6705	 5	 0.000006404	 0.186120000	 0.000009306  FX
6704	 5	 0.000008096	 0.236870000	 0.000011844  FX
6706	 5	 0.000005917	 0.171500000	 0.000008575  FX
========================================================================
002_T7_C5_D14_VM3.txt	 3	 0.000076771713793	 0.025694
<task_id>	 <FX/VM id>	 <Custo_fin>	 <Tempo_workflow>	 <Custo_normalizado>
1415	 2	 0.000001148	 0.111121144	 0.000005556  VM
1616	 1	 0.000001124	 0.217467697	 0.000010873  VM
1295	 1	 0.000001435	 0.277654822	 0.000013883  VM
1496	 4	 0.000005778	 0.334700000	 0.000016735  FX
6704	 5	 0.000008096	 0.236870000	 0.000011844  FX
6705	 5	 0.000006404	 0.186120000	 0.000009306  FX
6706	 5	 0.000005917	 0.171500000	 0.000008575  FX
========================================================================
002_T7_C5_D14_VM3.txt	 4	 0.000076771713793	 0.025605
<task_id>	 <FX/VM id>	 <Custo_fin>	 <Tempo_workflow>	 <Custo_normalizado>
1415	 3	 0.000001037	 0.111121144	 0.000005556  VM
1616	 1	 0.000001124	 0.217467697	 0.000010873  VM
1295	 1	 0.000001435	 0.277654822	 0.000013883  VM
1496	 4	 0.000005778	 0.334700000	 0.000016735  FX
6704	 5	 0.000008096	 0.236870000	 0.000011844  FX
6705	 5	 0.000006404	 0.186120000	 0.000009306  FX
6706	 5	 0.000005917	 0.171500000	 0.000008575  FX
========================================================================
002_T7_C5_D14_VM3.txt	 5	 0.000076771713793	 0.025544
<task_id>	 <FX/VM id>	 <Custo_fin>	 <Tempo_workflow>	 <Custo_normalizado>
1415	 2	 0.000001148	 0.111121144	 0.000005556  VM
1616	 1	 0.000001124	 0.217467697	 0.000010873  VM
1295	 1	 0.000001435	 0.277654822	 0.000013883  VM
1496	 4	 0.000005778	 0.334700000	 0.000016735  FX
6704	 5	 0.000008096	 0.236870000	 0.000011844  FX
6705	 5	 0.000006404	 0.186120000	 0.000009306  FX
6706	 5	 0.000005917	 0.171500000	 0.000008575  FX
========================================================================
002_T7_C5_D14_VM3.txt	 6	 0.000076771713793	 0.025439
<task_id>	 <FX/VM id>	 <Custo_fin>	 <Tempo_workflow>	 <Custo_normalizado>
1415	 2	 0.000001148	 0.111121144	 0.000005556  VM
1616	 2	 0.000002247	 0.217467697	 0.000010873  VM
1295	 1	 0.000001435	 0.277654822	 0.000013883  VM
1496	 4	 0.000005778	 0.334700000	 0.000016735  FX
6704	 5	 0.000008096	 0.236870000	 0.000011844  FX
6705	 5	 0.000006404	 0.186120000	 0.000009306  FX
6706	 5	 0.000005917	 0.171500000	 0.000008575  FX
========================================================================
002_T7_C5_D14_VM3.txt	 7	 0.000076771713793	 0.025476
<task_id>	 <FX/VM id>	 <Custo_fin>	 <Tempo_workflow>	 <Custo_normalizado>
1415	 2	 0.000001148	 0.111121144	 0.000005556  VM
1616	 1	 0.000001124	 0.217467697	 0.000010873  VM
1295	 1	 0.000001435	 0.277654822	 0.000013883  VM
1496	 4	 0.000005778	 0.334700000	 0.000016735  FX
6704	 5	 0.000008096	 0.236870000	 0.000011844  FX
6705	 5	 0.000006404	 0.186120000	 0.000009306  FX
6706	 5	 0.000005917	 0.171500000	 0.000008575  FX
========================================================================
002_T7_C5_D14_VM3.txt	 8	 0.000076771713793	 0.025483
<task_id>	 <FX/VM id>	 <Custo_fin>	 <Tempo_workflow>	 <Custo_normalizado>
1415	 1	 0.000000574	 0.111121144	 0.000005556  VM
1616	 3	 0.000002030	 0.217467697	 0.000010873  VM
1295	 1	 0.000001435	 0.277654822	 0.000013883  VM
1496	 4	 0.000005778	 0.334700000	 0.000016735  FX
6704	 5	 0.000008096	 0.236870000	 0.000011844  FX
6705	 5	 0.000006404	 0.186120000	 0.000009306  FX
6706	 5	 0.000005917	 0.171500000	 0.000008575  FX
========================================================================
002_T7_C5_D14_VM3.txt	 9	 0.000076771713793	 0.025412
<task_id>	 <FX/VM id>	 <Custo_fin>	 <Tempo_workflow>	 <Custo_normalizado>
1415	 3	 0.000001037	 0.111121144	 0.000005556  VM
1616	 3	 0.000002030	 0.217467697	 0.000010873  VM
1295	 1	 0.000001435	 0.277654822	 0.000013883  VM
1496	 4	 0.000005778	 0.334700000	 0.000016735  FX
6705	 5	 0.000006404	 0.186120000	 0.000009306  FX
6704	 5	 0.000008096	 0.236870000	 0.000011844  FX
6706	 5	 0.000005917	 0.171500000	 0.000008575  FX
========================================================================
002_T7_C5_D14_VM3.txt	 10	 0.000076771713793	 0.025623
<task_id>	 <FX/VM id>	 <Custo_fin>	 <Tempo_workflow>	 <Custo_normalizado>
1415	 3	 0.000001037	 0.111121144	 0.000005556  VM
1616	 1	 0.000001124	 0.217467697	 0.000010873  VM
1295	 3	 0.000002592	 0.277654822	 0.000013883  VM
1496	 4	 0.000005778	 0.334700000	 0.000016735  FX
6704	 5	 0.000008096	 0.236870000	 0.000011844  FX
6705	 5	 0.000006404	 0.186120000	 0.000009306  FX
6706	 5	 0.000005917	 0.171500000	 0.000008575  FX
========================================================================
002_T7_C5_D16_VM3.txt	 1	 0.000073225310189	 0.027205
<task_id>	 <FX/VM id>	 <Custo_fin>	 <Tempo_workflow>	 <Custo_normalizado>
29	 5	 0.000009375	 0.275250000	 0.000013763  FX
1374	 5	 0.000007487	 0.218610000	 0.000010931  FX
39	 1	 0.000000744	 0.143983162	 0.000007199  VM
1575	 3	 0.000001763	 0.188852363	 0.000009443  VM
11756	 5	 0.000008824	 0.258710000	 0.000012936  FX
11757	 5	 0.000006900	 0.201000000	 0.000010050  FX
11758	 4	 0.000003168	 0.178100000	 0.000008905  FX
========================================================================
002_T7_C5_D16_VM3.txt	 2	 0.000073225310189	 0.027571
<task_id>	 <FX/VM id>	 <Custo_fin>	 <Tempo_workflow>	 <Custo_normalizado>
29	 5	 0.000009375	 0.275250000	 0.000013763  FX
1374	 5	 0.000007487	 0.218610000	 0.000010931  FX
39	 1	 0.000000744	 0.143983162	 0.000007199  VM
1575	 3	 0.000001763	 0.188852363	 0.000009443  VM
11757	 5	 0.000006900	 0.201000000	 0.000010050  FX
11756	 5	 0.000008824	 0.258710000	 0.000012936  FX
11758	 4	 0.000003168	 0.178100000	 0.000008905  FX
========================================================================
002_T7_C5_D16_VM3.txt	 3	 0.000073225310189	 0.027023
<task_id>	 <FX/VM id>	 <Custo_fin>	 <Tempo_workflow>	 <Custo_normalizado>
39	 2	 0.000001488	 0.143983162	 0.000007199  VM
1575	 1	 0.000000976	 0.188852363	 0.000009443  VM
29	 5	 0.000009375	 0.275250000	 0.000013763  FX
1374	 5	 0.000007487	 0.218610000	 0.000010931  FX
11756	 5	 0.000008824	 0.258710000	 0.000012936  FX
11757	 5	 0.000006900	 0.201000000	 0.000010050  FX
11758	 4	 0.000003168	 0.178100000	 0.000008905  FX
========================================================================
002_T7_C5_D16_VM3.txt	 4	 0.000073225310189	 0.027104
<task_id>	 <FX/VM id>	 <Custo_fin>	 <Tempo_workflow>	 <Custo_normalizado>
39	 3	 0.000001344	 0.143983162	 0.000007199  VM
1575	 1	 0.000000976	 0.188852363	 0.000009443  VM
29	 5	 0.000009375	 0.275250000	 0.000013763  FX
1374	 5	 0.000007487	 0.218610000	 0.000010931  FX
11756	 5	 0.000008824	 0.258710000	 0.000012936  FX
11757	 5	 0.000006900	 0.201000000	 0.000010050  FX
11758	 4	 0.000003168	 0.178100000	 0.000008905  FX
========================================================================
002_T7_C5_D16_VM3.txt	 5	 0.000073225310189	 0.027025
<task_id>	 <FX/VM id>	 <Custo_fin>	 <Tempo_workflow>	 <Custo_normalizado>
29	 5	 0.000009375	 0.275250000	 0.000013763  FX
1374	 5	 0.000007487	 0.218610000	 0.000010931  FX
39	 1	 0.000000744	 0.143983162	 0.000007199  VM
1575	 1	 0.000000976	 0.188852363	 0.000009443  VM
11757	 5	 0.000006900	 0.201000000	 0.000010050  FX
11756	 5	 0.000008824	 0.258710000	 0.000012936  FX
11758	 4	 0.000003168	 0.178100000	 0.000008905  FX
========================================================================
002_T7_C5_D16_VM3.txt	 6	 0.000073225310189	 0.026980
<task_id>	 <FX/VM id>	 <Custo_fin>	 <Tempo_workflow>	 <Custo_normalizado>
29	 5	 0.000009375	 0.275250000	 0.000013763  FX
39	 2	 0.000001488	 0.143983162	 0.000007199  VM
1374	 5	 0.000007487	 0.218610000	 0.000010931  FX
1575	 1	 0.000000976	 0.188852363	 0.000009443  VM
11756	 5	 0.000008824	 0.258710000	 0.000012936  FX
11757	 5	 0.000006900	 0.201000000	 0.000010050  FX
11758	 4	 0.000003168	 0.178100000	 0.000008905  FX
========================================================================
002_T7_C5_D16_VM3.txt	 7	 0.000073225310189	 0.026797
<task_id>	 <FX/VM id>	 <Custo_fin>	 <Tempo_workflow>	 <Custo_normalizado>
39	 2	 0.000001488	 0.143983162	 0.000007199  VM
1575	 1	 0.000000976	 0.188852363	 0.000009443  VM
29	 5	 0.000009375	 0.275250000	 0.000013763  FX
1374	 5	 0.000007487	 0.218610000	 0.000010931  FX
11756	 5	 0.000008824	 0.258710000	 0.000012936  FX
11757	 5	 0.000006900	 0.201000000	 0.000010050  FX
11758	 4	 0.000003168	 0.178100000	 0.000008905  FX
========================================================================
002_T7_C5_D16_VM3.txt	 8	 0.000073225310189	 0.027131
<task_id>	 <FX/VM id>	 <Custo_fin>	 <Tempo_workflow>	 <Custo_normalizado>
39	 1	 0.000000744	 0.143983162	 0.000007199  VM
1575	 3	 0.000001763	 0.188852363	 0.000009443  VM
29	 5	 0.000009375	 0.275250000	 0.000013763  FX
1374	 5	 0.000007487	 0.218610000	 0.000010931  FX
11756	 5	 0.000008824	 0.258710000	 0.000012936  FX
11757	 5	 0.000006900	 0.201000000	 0.000010050  FX
11758	 4	 0.000003168	 0.178100000	 0.000008905  FX
========================================================================
002_T7_C5_D16_VM3.txt	 9	 0.000073225310189	 0.027003
<task_id>	 <FX/VM id>	 <Custo_fin>	 <Tempo_workflow>	 <Custo_normalizado>
29	 5	 0.000009375	 0.275250000	 0.000013763  FX
39	 1	 0.000000744	 0.143983162	 0.000007199  VM
1374	 5	 0.000007487	 0.218610000	 0.000010931  FX
1575	 3	 0.000001763	 0.188852363	 0.000009443  VM
11757	 5	 0.000006900	 0.201000000	 0.000010050  FX
11756	 5	 0.000008824	 0.258710000	 0.000012936  FX
11758	 4	 0.000003168	 0.178100000	 0.000008905  FX
========================================================================
002_T7_C5_D16_VM3.txt	 10	 0.000073225310189	 0.026954
<task_id>	 <FX/VM id>	 <Custo_fin>	 <Tempo_workflow>	 <Custo_normalizado>
29	 5	 0.000009375	 0.275250000	 0.000013763  FX
1374	 5	 0.000007487	 0.218610000	 0.000010931  FX
39	 1	 0.000000744	 0.143983162	 0.000007199  VM
1575	 3	 0.000001763	 0.188852363	 0.000009443  VM
11757	 5	 0.000006900	 0.201000000	 0.000010050  FX
11756	 5	 0.000008824	 0.258710000	 0.000012936  FX
11758	 4	 0.000003168	 0.178100000	 0.000008905  FX
========================================================================
002_T7_C5_D18_VM3.txt	 1	 0.000090168869065	 0.029479
<task_id>	 <FX/VM id>	 <Custo_fin>	 <Tempo_workflow>	 <Custo_normalizado>
2	 3	 0.000001348	 0.144391020	 0.000007220  VM
1	 3	 0.000002002	 0.214443322	 0.000010722  VM
9	 3	 0.000002855	 0.305914694	 0.000015296  VM
10	 1	 0.000002306	 0.446277720	 0.000022314  VM
11	 5	 0.000009589	 0.281660000	 0.000014083  FX
12	 5	 0.000007772	 0.227160000	 0.000011358  FX
13	 4	 0.000003259	 0.183530000	 0.000009177  FX
========================================================================
002_T7_C5_D18_VM3.txt	 2	 0.000090168869065	 0.029393
<task_id>	 <FX/VM id>	 <Custo_fin>	 <Tempo_workflow>	 <Custo_normalizado>
2	 3	 0.000001348	 0.144391020	 0.000007220  VM
1	 1	 0.000001108	 0.214443322	 0.000010722  VM
9	 2	 0.000003161	 0.305914694	 0.000015296  VM
10	 1	 0.000002306	 0.446277720	 0.000022314  VM
12	 5	 0.000007772	 0.227160000	 0.000011358  FX
11	 5	 0.000009589	 0.281660000	 0.000014083  FX
13	 4	 0.000003259	 0.183530000	 0.000009177  FX
========================================================================
002_T7_C5_D18_VM3.txt	 3	 0.000090168861789	 0.029338
<task_id>	 <FX/VM id>	 <Custo_fin>	 <Tempo_workflow>	 <Custo_normalizado>
2	 1	 0.000000746	 0.144391020	 0.000007220  VM
1	 2	 0.000002216	 0.214443322	 0.000010722  VM
9	 1	 0.000001581	 0.305914694	 0.000015296  VM
10	 1	 0.000002306	 0.446277720	 0.000022314  VM
12	 5	 0.000007772	 0.227160000	 0.000011358  FX
11	 5	 0.000009589	 0.281660000	 0.000014083  FX
13	 4	 0.000003259	 0.183530000	 0.000009177  FX
========================================================================
002_T7_C5_D18_VM3.txt	 4	 0.000090168869065	 0.029391
<task_id>	 <FX/VM id>	 <Custo_fin>	 <Tempo_workflow>	 <Custo_normalizado>
1	 1	 0.000001108	 0.214443322	 0.000010722  VM
2	 1	 0.000000746	 0.144391020	 0.000007220  VM
9	 1	 0.000001581	 0.305914694	 0.000015296  VM
10	 3	 0.000004165	 0.446277720	 0.000022314  VM
11	 5	 0.000009589	 0.281660000	 0.000014083  FX
12	 5	 0.000007772	 0.227160000	 0.000011358  FX
13	 4	 0.000003259	 0.183530000	 0.000009177  FX
========================================================================
002_T7_C5_D18_VM3.txt	 5	 0.000090168869065	 0.029352
<task_id>	 <FX/VM id>	 <Custo_fin>	 <Tempo_workflow>	 <Custo_normalizado>
2	 1	 0.000000746	 0.144391020	 0.000007220  VM
1	 2	 0.000002216	 0.214443322	 0.000010722  VM
9	 2	 0.000003161	 0.305914694	 0.000015296  VM
10	 3	 0.000004165	 0.446277720	 0.000022314  VM
11	 5	 0.000009589	 0.281660000	 0.000014083  FX
12	 5	 0.000007772	 0.227160000	 0.000011358  FX
13	 4	 0.000003259	 0.183530000	 0.000009177  FX
========================================================================
002_T7_C5_D18_VM3.txt	 6	 0.000090168861789	 0.029369
<task_id>	 <FX/VM id>	 <Custo_fin>	 <Tempo_workflow>	 <Custo_normalizado>
2	 3	 0.000001348	 0.144391020	 0.000007220  VM
1	 1	 0.000001108	 0.214443322	 0.000010722  VM
9	 1	 0.000001581	 0.305914694	 0.000015296  VM
10	 1	 0.000002306	 0.446277720	 0.000022314  VM
11	 5	 0.000009589	 0.281660000	 0.000014083  FX
12	 5	 0.000007772	 0.227160000	 0.000011358  FX
13	 4	 0.000003259	 0.183530000	 0.000009177  FX
========================================================================
002_T7_C5_D18_VM3.txt	 7	 0.000090168861789	 0.029458
<task_id>	 <FX/VM id>	 <Custo_fin>	 <Tempo_workflow>	 <Custo_normalizado>
2	 2	 0.000001492	 0.144391020	 0.000007220  VM
1	 1	 0.000001108	 0.214443322	 0.000010722  VM
9	 1	 0.000001581	 0.305914694	 0.000015296  VM
10	 1	 0.000002306	 0.446277720	 0.000022314  VM
11	 5	 0.000009589	 0.281660000	 0.000014083  FX
12	 5	 0.000007772	 0.227160000	 0.000011358  FX
13	 4	 0.000003259	 0.183530000	 0.000009177  FX
========================================================================
002_T7_C5_D18_VM3.txt	 8	 0.000090168861789	 0.029277
<task_id>	 <FX/VM id>	 <Custo_fin>	 <Tempo_workflow>	 <Custo_normalizado>
2	 1	 0.000000746	 0.144391020	 0.000007220  VM
1	 3	 0.000002002	 0.214443322	 0.000010722  VM
9	 1	 0.000001581	 0.305914694	 0.000015296  VM
10	 1	 0.000002306	 0.446277720	 0.000022314  VM
11	 5	 0.000009589	 0.281660000	 0.000014083  FX
12	 5	 0.000007772	 0.227160000	 0.000011358  FX
13	 4	 0.000003259	 0.183530000	 0.000009177  FX
========================================================================
002_T7_C5_D18_VM3.txt	 9	 0.000090168861789	 0.029511
<task_id>	 <FX/VM id>	 <Custo_fin>	 <Tempo_workflow>	 <Custo_normalizado>
1	 1	 0.000001108	 0.214443322	 0.000010722  VM
2	 1	 0.000000746	 0.144391020	 0.000007220  VM
9	 1	 0.000001581	 0.305914694	 0.000015296  VM
10	 1	 0.000002306	 0.446277720	 0.000022314  VM
11	 5	 0.000009589	 0.281660000	 0.000014083  FX
12	 5	 0.000007772	 0.227160000	 0.000011358  FX
13	 4	 0.000003259	 0.183530000	 0.000009177  FX
========================================================================
002_T7_C5_D18_VM3.txt	 10	 0.000090168869065	 0.029383
<task_id>	 <FX/VM id>	 <Custo_fin>	 <Tempo_workflow>	 <Custo_normalizado>
1	 3	 0.000002002	 0.214443322	 0.000010722  VM
2	 1	 0.000000746	 0.144391020	 0.000007220  VM
9	 3	 0.000002855	 0.305914694	 0.000015296  VM
10	 1	 0.000002306	 0.446277720	 0.000022314  VM
11	 5	 0.000009589	 0.281660000	 0.000014083  FX
12	 5	 0.000007772	 0.227160000	 0.000011358  FX
13	 4	 0.000003259	 0.183530000	 0.000009177  FX
========================================================================
005_T16_C5_D35_VM3.txt	 1	 0.000182699252036	 0.242094
<task_id>	 <FX/VM id>	 <Custo_fin>	 <Tempo_workflow>	 <Custo_normalizado>
753	 3	 0.000001369	 0.146684359	 0.000007334  VM
733	 2	 0.000002085	 0.201786880	 0.000010089  VM
1322	 5	 0.000007333	 0.213990000	 0.000010700  FX
1347	 3	 0.000001320	 0.141414177	 0.000007071  VM
1381	 3	 0.000001545	 0.165480466	 0.000008274  VM
1582	 3	 0.000001762	 0.188791315	 0.000009440  VM
1548	 3	 0.000002299	 0.246305346	 0.000012315  VM
1523	 2	 0.000002483	 0.240306516	 0.000012015  VM
1401	 5	 0.000007806	 0.228180000	 0.000011409  FX
1602	 1	 0.000001040	 0.201324265	 0.000010066  VM
11797	 5	 0.000010750	 0.316490000	 0.000015825  FX
11800	 5	 0.000008983	 0.263500000	 0.000013175  FX
11798	 5	 0.000009315	 0.273450000	 0.000013673  FX
11801	 5	 0.000008981	 0.263430000	 0.000013172  FX
11799	 5	 0.000009440	 0.277200000	 0.000013860  FX
11802	 5	 0.000009722	 0.285650000	 0.000014283  FX
========================================================================
005_T16_C5_D35_VM3.txt	 2	 0.000183636686415	 0.239337
<task_id>	 <FX/VM id>	 <Custo_fin>	 <Tempo_workflow>	 <Custo_normalizado>
1322	 3	 0.000001691	 0.181209047	 0.000009060  VM
1381	 1	 0.000000855	 0.165480466	 0.000008274  VM
1602	 2	 0.000002080	 0.201324265	 0.000010066  VM
753	 1	 0.000000758	 0.146684359	 0.000007334  VM
733	 3	 0.000001883	 0.201786880	 0.000010089  VM
1523	 1	 0.000001242	 0.240306516	 0.000012015  VM
1548	 3	 0.000002299	 0.246305346	 0.000012315  VM
1347	 3	 0.000001320	 0.141414177	 0.000007071  VM
1582	 3	 0.000001762	 0.188791315	 0.000009440  VM
1401	 4	 0.000004862	 0.279710000	 0.000013986  FX
11797	 5	 0.000010750	 0.316490000	 0.000015825  FX
11801	 5	 0.000008981	 0.263430000	 0.000013172  FX
11799	 5	 0.000009440	 0.277200000	 0.000013860  FX
11798	 5	 0.000009315	 0.273450000	 0.000013673  FX
11800	 5	 0.000008983	 0.263500000	 0.000013175  FX
11802	 5	 0.000009722	 0.285650000	 0.000014283  FX
========================================================================
005_T16_C5_D35_VM3.txt	 3	 0.000184024174814	 0.239987
<task_id>	 <FX/VM id>	 <Custo_fin>	 <Tempo_workflow>	 <Custo_normalizado>
1322	 3	 0.000001691	 0.181209047	 0.000009060  VM
1347	 1	 0.000000731	 0.141414177	 0.000007071  VM
1582	 2	 0.000001951	 0.188791315	 0.000009440  VM
733	 2	 0.000002085	 0.201786880	 0.000010089  VM
753	 1	 0.000000758	 0.146684359	 0.000007334  VM
1548	 3	 0.000002299	 0.246305346	 0.000012315  VM
1401	 5	 0.000007806	 0.228180000	 0.000011409  FX
1381	 4	 0.000003858	 0.219460000	 0.000010973  FX
1523	 3	 0.000002243	 0.240306516	 0.000012015  VM
1602	 1	 0.000001040	 0.201324265	 0.000010066  VM
11798	 5	 0.000009315	 0.273450000	 0.000013673  FX
11799	 5	 0.000009440	 0.277200000	 0.000013860  FX
11801	 5	 0.000008981	 0.263430000	 0.000013172  FX
11797	 5	 0.000010750	 0.316490000	 0.000015825  FX
11800	 5	 0.000008983	 0.263500000	 0.000013175  FX
11802	 4	 0.000005049	 0.290950000	 0.000014548  FX
========================================================================
005_T16_C5_D35_VM3.txt	 4	 0.000185759694432	 0.240845
<task_id>	 <FX/VM id>	 <Custo_fin>	 <Tempo_workflow>	 <Custo_normalizado>
1381	 1	 0.000000855	 0.165480466	 0.000008274  VM
1322	 3	 0.000001691	 0.181209047	 0.000009060  VM
1347	 1	 0.000000731	 0.141414177	 0.000007071  VM
733	 3	 0.000001883	 0.201786880	 0.000010089  VM
1548	 2	 0.000002545	 0.246305346	 0.000012315  VM
1602	 2	 0.000002080	 0.201324265	 0.000010066  VM
753	 1	 0.000000758	 0.146684359	 0.000007334  VM
1401	 5	 0.000007806	 0.228180000	 0.000011409  FX
1582	 1	 0.000000975	 0.188791315	 0.000009440  VM
1523	 1	 0.000001242	 0.240306516	 0.000012015  VM
11799	 4	 0.000006298	 0.365890000	 0.000018295  FX
11798	 5	 0.000009315	 0.273450000	 0.000013673  FX
11801	 5	 0.000008981	 0.263430000	 0.000013172  FX
11800	 5	 0.000008983	 0.263500000	 0.000013175  FX
11797	 5	 0.000010750	 0.316490000	 0.000015825  FX
11802	 4	 0.000005049	 0.290950000	 0.000014548  FX
========================================================================
005_T16_C5_D35_VM3.txt	 5	 0.000181060197065	 0.241196
<task_id>	 <FX/VM id>	 <Custo_fin>	 <Tempo_workflow>	 <Custo_normalizado>
1381	 1	 0.000000855	 0.165480466	 0.000008274  VM
753	 3	 0.000001369	 0.146684359	 0.000007334  VM
733	 3	 0.000001883	 0.201786880	 0.000010089  VM
1322	 2	 0.000001872	 0.181209047	 0.000009060  VM
1347	 1	 0.000000731	 0.141414177	 0.000007071  VM
1602	 2	 0.000002080	 0.201324265	 0.000010066  VM
1523	 3	 0.000002243	 0.240306516	 0.000012015  VM
1548	 3	 0.000002299	 0.246305346	 0.000012315  VM
1401	 5	 0.000007806	 0.228180000	 0.000011409  FX
1582	 3	 0.000001762	 0.188791315	 0.000009440  VM
11798	 5	 0.000009315	 0.273450000	 0.000013673  FX
11800	 5	 0.000008983	 0.263500000	 0.000013175  FX
11797	 5	 0.000010750	 0.316490000	 0.000015825  FX
11799	 5	 0.000009440	 0.277200000	 0.000013860  FX
11801	 5	 0.000008981	 0.263430000	 0.000013172  FX
11802	 5	 0.000009722	 0.285650000	 0.000014283  FX
========================================================================
005_T16_C5_D35_VM3.txt	 6	 0.000185892189620	 0.241228
<task_id>	 <FX/VM id>	 <Custo_fin>	 <Tempo_workflow>	 <Custo_normalizado>
1381	 3	 0.000001545	 0.165480466	 0.000008274  VM
753	 1	 0.000000758	 0.146684359	 0.000007334  VM
733	 3	 0.000001883	 0.201786880	 0.000010089  VM
1401	 5	 0.000007806	 0.228180000	 0.000011409  FX
1322	 3	 0.000001691	 0.181209047	 0.000009060  VM
1602	 2	 0.000002080	 0.201324265	 0.000010066  VM
1523	 2	 0.000002483	 0.240306516	 0.000012015  VM
1347	 1	 0.000000731	 0.141414177	 0.000007071  VM
1582	 1	 0.000000975	 0.188791315	 0.000009440  VM
1548	 3	 0.000002299	 0.246305346	 0.000012315  VM
11797	 5	 0.000010750	 0.316490000	 0.000015825  FX
11799	 5	 0.000009440	 0.277200000	 0.000013860  FX
11801	 5	 0.000008981	 0.263430000	 0.000013172  FX
11800	 5	 0.000008983	 0.263500000	 0.000013175  FX
11798	 4	 0.000006280	 0.364790000	 0.000018240  FX
11802	 4	 0.000005049	 0.290950000	 0.000014548  FX
========================================================================
005_T16_C5_D35_VM3.txt	 7	 0.000181325187441	 0.240957
<task_id>	 <FX/VM id>	 <Custo_fin>	 <Tempo_workflow>	 <Custo_normalizado>
1322	 1	 0.000000936	 0.181209047	 0.000009060  VM
753	 3	 0.000001369	 0.146684359	 0.000007334  VM
733	 2	 0.000002085	 0.201786880	 0.000010089  VM
1523	 1	 0.000001242	 0.240306516	 0.000012015  VM
1347	 1	 0.000000731	 0.141414177	 0.000007071  VM
1401	 5	 0.000007806	 0.228180000	 0.000011409  FX
1381	 3	 0.000001545	 0.165480466	 0.000008274  VM
1582	 3	 0.000001762	 0.188791315	 0.000009440  VM
1548	 3	 0.000002299	 0.246305346	 0.000012315  VM
1602	 1	 0.000001040	 0.201324265	 0.000010066  VM
11798	 5	 0.000009315	 0.273450000	 0.000013673  FX
11801	 5	 0.000008981	 0.263430000	 0.000013172  FX
11799	 5	 0.000009440	 0.277200000	 0.000013860  FX
11797	 5	 0.000010750	 0.316490000	 0.000015825  FX
11800	 5	 0.000008983	 0.263500000	 0.000013175  FX
11802	 4	 0.000005049	 0.290950000	 0.000014548  FX
========================================================================
005_T16_C5_D35_VM3.txt	 8	 0.000184745731531	 0.239802
<task_id>	 <FX/VM id>	 <Custo_fin>	 <Tempo_workflow>	 <Custo_normalizado>
1347	 2	 0.000001461	 0.141414177	 0.000007071  VM
1582	 3	 0.000001762	 0.188791315	 0.000009440  VM
1381	 5	 0.000006904	 0.201110000	 0.000010056  FX
753	 2	 0.000001516	 0.146684359	 0.000007334  VM
1602	 1	 0.000001040	 0.201324265	 0.000010066  VM
1322	 5	 0.000007333	 0.213990000	 0.000010700  FX
733	 2	 0.000002085	 0.201786880	 0.000010089  VM
1523	 1	 0.000001242	 0.240306516	 0.000012015  VM
1548	 2	 0.000002545	 0.246305346	 0.000012315  VM
1401	 5	 0.000007806	 0.228180000	 0.000011409  FX
11798	 5	 0.000009315	 0.273450000	 0.000013673  FX
11800	 5	 0.000008983	 0.263500000	 0.000013175  FX
11797	 5	 0.000010750	 0.316490000	 0.000015825  FX
11799	 5	 0.000009440	 0.277200000	 0.000013860  FX
11801	 5	 0.000008981	 0.263430000	 0.000013172  FX
11802	 4	 0.000005049	 0.290950000	 0.000014548  FX
========================================================================
005_T16_C5_D35_VM3.txt	 9	 0.000181325187441	 0.239915
<task_id>	 <FX/VM id>	 <Custo_fin>	 <Tempo_workflow>	 <Custo_normalizado>
1381	 2	 0.000001710	 0.165480466	 0.000008274  VM
1347	 1	 0.000000731	 0.141414177	 0.000007071  VM
1582	 2	 0.000001951	 0.188791315	 0.000009440  VM
753	 3	 0.000001369	 0.146684359	 0.000007334  VM
1322	 1	 0.000000936	 0.181209047	 0.000009060  VM
1602	 3	 0.000001879	 0.201324265	 0.000010066  VM
1548	 1	 0.000001273	 0.246305346	 0.000012315  VM
733	 1	 0.000001043	 0.201786880	 0.000010089  VM
1401	 5	 0.000007806	 0.228180000	 0.000011409  FX
1523	 1	 0.000001242	 0.240306516	 0.000012015  VM
11797	 5	 0.000010750	 0.316490000	 0.000015825  FX
11799	 5	 0.000009440	 0.277200000	 0.000013860  FX
11798	 5	 0.000009315	 0.273450000	 0.000013673  FX
11800	 5	 0.000008983	 0.263500000	 0.000013175  FX
11801	 5	 0.000008981	 0.263430000	 0.000013172  FX
11802	 4	 0.000005049	 0.290950000	 0.000014548  FX
========================================================================
005_T16_C5_D35_VM3.txt	 10	 0.000181060197065	 0.240363
<task_id>	 <FX/VM id>	 <Custo_fin>	 <Tempo_workflow>	 <Custo_normalizado>
1322	 3	 0.000001691	 0.181209047	 0.000009060  VM
733	 3	 0.000001883	 0.201786880	 0.000010089  VM
1381	 2	 0.000001710	 0.165480466	 0.000008274  VM
753	 1	 0.000000758	 0.146684359	 0.000007334  VM
1548	 3	 0.000002299	 0.246305346	 0.000012315  VM
1401	 5	 0.000007806	 0.228180000	 0.000011409  FX
1347	 3	 0.000001320	 0.141414177	 0.000007071  VM
1523	 1	 0.000001242	 0.240306516	 0.000012015  VM
1602	 3	 0.000001879	 0.201324265	 0.000010066  VM
1582	 1	 0.000000975	 0.188791315	 0.000009440  VM
11799	 5	 0.000009440	 0.277200000	 0.000013860  FX
11797	 5	 0.000010750	 0.316490000	 0.000015825  FX
11801	 5	 0.000008981	 0.263430000	 0.000013172  FX
11798	 5	 0.000009315	 0.273450000	 0.000013673  FX
11800	 5	 0.000008983	 0.263500000	 0.000013175  FX
11802	 5	 0.000009722	 0.285650000	 0.000014283  FX
========================================================================
005_T16_C5_D38_VM3.txt	 1	 0.000195626300410	 0.257637
<task_id>	 <FX/VM id>	 <Custo_fin>	 <Tempo_workflow>	 <Custo_normalizado>
863	 2	 0.000001476	 0.142834397	 0.000007142  VM
732	 1	 0.000001010	 0.195384221	 0.000009769  VM
1320	 3	 0.000002302	 0.252200000	 0.000012610  FX
813	 3	 0.000001637	 0.175378817	 0.000008769  VM
1521	 1	 0.000001412	 0.273211548	 0.000013661  VM
752	 2	 0.000001605	 0.155315056	 0.000007766  VM
1317	 2	 0.000001374	 0.132953058	 0.000006648  VM
1372	 5	 0.000007380	 0.215410000	 0.000010771  FX
1518	 1	 0.000001428	 0.276301988	 0.000013815  VM
1573	 3	 0.000002093	 0.224275256	 0.000011214  VM
6748	 5	 0.000010262	 0.301870000	 0.000015094  FX
6749	 5	 0.000009773	 0.287190000	 0.000014360  FX
6746	 5	 0.000010449	 0.307470000	 0.000015374  FX
6747	 5	 0.000010156	 0.298670000	 0.000014934  FX
6745	 5	 0.000012378	 0.365340000	 0.000018267  FX
6750	 4	 0.000005345	 0.308720000	 0.000015436  FX
========================================================================
005_T16_C5_D38_VM3.txt	 2	 0.000193165804376	 0.258357
<task_id>	 <FX/VM id>	 <Custo_fin>	 <Tempo_workflow>	 <Custo_normalizado>
813	 3	 0.000001637	 0.175378817	 0.000008769  VM
752	 1	 0.000000803	 0.155315056	 0.000007766  VM
732	 2	 0.000002019	 0.195384221	 0.000009769  VM
863	 3	 0.000001333	 0.142834397	 0.000007142  VM
1320	 5	 0.000007636	 0.223090000	 0.000011155  FX
1372	 5	 0.000007380	 0.215410000	 0.000010771  FX
1521	 3	 0.000002550	 0.273211548	 0.000013661  VM
1317	 3	 0.000001241	 0.132953058	 0.000006648  VM
1573	 3	 0.000002093	 0.224275256	 0.000011214  VM
1518	 3	 0.000002579	 0.276301988	 0.000013815  VM
6745	 5	 0.000012378	 0.365340000	 0.000018267  FX
6749	 5	 0.000009773	 0.287190000	 0.000014360  FX
6746	 5	 0.000010449	 0.307470000	 0.000015374  FX
6748	 5	 0.000010262	 0.301870000	 0.000015094  FX
6747	 5	 0.000010156	 0.298670000	 0.000014934  FX
6750	 5	 0.000009821	 0.288620000	 0.000014431  FX
========================================================================
005_T16_C5_D38_VM3.txt	 3	 0.000195645799977	 0.257026
<task_id>	 <FX/VM id>	 <Custo_fin>	 <Tempo_workflow>	 <Custo_normalizado>
813	 3	 0.000001637	 0.175378817	 0.000008769  VM
1317	 1	 0.000000687	 0.132953058	 0.000006648  VM
732	 2	 0.000002019	 0.195384221	 0.000009769  VM
1320	 4	 0.000004494	 0.257640000	 0.000012882  FX
863	 1	 0.000000738	 0.142834397	 0.000007142  VM
1518	 3	 0.000002579	 0.276301988	 0.000013815  VM
1573	 2	 0.000002317	 0.224275256	 0.000011214  VM
1521	 3	 0.000002550	 0.273211548	 0.000013661  VM
752	 3	 0.000001450	 0.155315056	 0.000007766  VM
1372	 4	 0.000003706	 0.210360000	 0.000010518  FX
6748	 5	 0.000010262	 0.301870000	 0.000015094  FX
6746	 5	 0.000010449	 0.307470000	 0.000015374  FX
6749	 5	 0.000009773	 0.287190000	 0.000014360  FX
6745	 5	 0.000012378	 0.365340000	 0.000018267  FX
6747	 5	 0.000010156	 0.298670000	 0.000014934  FX
6750	 4	 0.000005345	 0.308720000	 0.000015436  FX
========================================================================
005_T16_C5_D38_VM3.txt	 4	 0.000199578294996	 0.257394
<task_id>	 <FX/VM id>	 <Custo_fin>	 <Tempo_workflow>	 <Custo_normalizado>
752	 2	 0.000001605	 0.155315056	 0.000007766  VM
1317	 1	 0.000000687	 0.132953058	 0.000006648  VM
1573	 3	 0.000002093	 0.224275256	 0.000011214  VM
813	 1	 0.000000906	 0.175378817	 0.000008769  VM
1372	 5	 0.000007380	 0.215410000	 0.000010771  FX
732	 3	 0.000001824	 0.195384221	 0.000009769  VM
863	 3	 0.000001333	 0.142834397	 0.000007142  VM
1518	 3	 0.000002579	 0.276301988	 0.000013815  VM
1521	 1	 0.000001412	 0.273211548	 0.000013661  VM
1320	 5	 0.000007636	 0.223090000	 0.000011155  FX
6745	 5	 0.000012378	 0.365340000	 0.000018267  FX
6749	 5	 0.000009773	 0.287190000	 0.000014360  FX
6746	 5	 0.000010449	 0.307470000	 0.000015374  FX
6747	 5	 0.000010156	 0.298670000	 0.000014934  FX
6748	 4	 0.000007034	 0.410020000	 0.000020501  FX
6750	 4	 0.000005345	 0.308720000	 0.000015436  FX
========================================================================
005_T16_C5_D38_VM3.txt	 5	 0.000196302804397	 0.257181
<task_id>	 <FX/VM id>	 <Custo_fin>	 <Tempo_workflow>	 <Custo_normalizado>
752	 1	 0.000000803	 0.155315056	 0.000007766  VM
1317	 2	 0.000001374	 0.132953058	 0.000006648  VM
732	 1	 0.000001010	 0.195384221	 0.000009769  VM
1573	 2	 0.000002317	 0.224275256	 0.000011214  VM
863	 2	 0.000001476	 0.142834397	 0.000007142  VM
1320	 4	 0.000004494	 0.257640000	 0.000012882  FX
1372	 3	 0.000002230	 0.243600000	 0.000012180  FX
813	 1	 0.000000906	 0.175378817	 0.000008769  VM
1521	 2	 0.000002823	 0.273211548	 0.000013661  VM
1518	 3	 0.000002579	 0.276301988	 0.000013815  VM
6746	 5	 0.000010449	 0.307470000	 0.000015374  FX
6747	 5	 0.000010156	 0.298670000	 0.000014934  FX
6749	 5	 0.000009773	 0.287190000	 0.000014360  FX
6745	 5	 0.000012378	 0.365340000	 0.000018267  FX
6748	 5	 0.000010262	 0.301870000	 0.000015094  FX
6750	 5	 0.000009821	 0.288620000	 0.000014431  FX
========================================================================
005_T16_C5_D38_VM3.txt	 6	 0.000200987793505	 0.257620
<task_id>	 <FX/VM id>	 <Custo_fin>	 <Tempo_workflow>	 <Custo_normalizado>
752	 2	 0.000001605	 0.155315056	 0.000007766  VM
813	 2	 0.000001812	 0.175378817	 0.000008769  VM
863	 2	 0.000001476	 0.142834397	 0.000007142  VM
1317	 2	 0.000001374	 0.132953058	 0.000006648  VM
1372	 3	 0.000002230	 0.243600000	 0.000012180  FX
1573	 3	 0.000002093	 0.224275256	 0.000011214  VM
732	 1	 0.000001010	 0.195384221	 0.000009769  VM
1521	 2	 0.000002823	 0.273211548	 0.000013661  VM
1320	 5	 0.000007636	 0.223090000	 0.000011155  FX
1518	 3	 0.000002579	 0.276301988	 0.000013815  VM
6745	 5	 0.000012378	 0.365340000	 0.000018267  FX
6747	 5	 0.000010156	 0.298670000	 0.000014934  FX
6749	 5	 0.000009773	 0.287190000	 0.000014360  FX
6746	 5	 0.000010449	 0.307470000	 0.000015374  FX
6748	 4	 0.000007034	 0.410020000	 0.000020501  FX
6750	 4	 0.000005345	 0.308720000	 0.000015436  FX
========================================================================
005_T16_C5_D38_VM3.txt	 7	 0.000193918298464	 0.258892
<task_id>	 <FX/VM id>	 <Custo_fin>	 <Tempo_workflow>	 <Custo_normalizado>
1317	 3	 0.000001241	 0.132953058	 0.000006648  VM
863	 3	 0.000001333	 0.142834397	 0.000007142  VM
732	 1	 0.000001010	 0.195384221	 0.000009769  VM
752	 1	 0.000000803	 0.155315056	 0.000007766  VM
813	 2	 0.000001812	 0.175378817	 0.000008769  VM
1573	 1	 0.000001159	 0.224275256	 0.000011214  VM
1518	 1	 0.000001428	 0.276301988	 0.000013815  VM
1372	 4	 0.000003706	 0.210360000	 0.000010518  FX
1521	 1	 0.000001412	 0.273211548	 0.000013661  VM
1320	 5	 0.000007636	 0.223090000	 0.000011155  FX
6749	 5	 0.000009773	 0.287190000	 0.000014360  FX
6748	 5	 0.000010262	 0.301870000	 0.000015094  FX
6745	 5	 0.000012378	 0.365340000	 0.000018267  FX
6747	 5	 0.000010156	 0.298670000	 0.000014934  FX
6746	 5	 0.000010449	 0.307470000	 0.000015374  FX
6750	 4	 0.000005345	 0.308720000	 0.000015436  FX
========================================================================
005_T16_C5_D38_VM3.txt	 8	 0.000194170803297	 0.261302
<task_id>	 <FX/VM id>	 <Custo_fin>	 <Tempo_workflow>	 <Custo_normalizado>
1317	 2	 0.000001374	 0.132953058	 0.000006648  VM
732	 3	 0.000001824	 0.195384221	 0.000009769  VM
1573	 3	 0.000002093	 0.224275256	 0.000011214  VM
863	 2	 0.000001476	 0.142834397	 0.000007142  VM
813	 1	 0.000000906	 0.175378817	 0.000008769  VM
1521	 2	 0.000002823	 0.273211548	 0.000013661  VM
752	 2	 0.000001605	 0.155315056	 0.000007766  VM
1372	 5	 0.000007380	 0.215410000	 0.000010771  FX
1518	 1	 0.000001428	 0.276301988	 0.000013815  VM
1320	 5	 0.000007636	 0.223090000	 0.000011155  FX
6748	 5	 0.000010262	 0.301870000	 0.000015094  FX
6747	 5	 0.000010156	 0.298670000	 0.000014934  FX
6745	 5	 0.000012378	 0.365340000	 0.000018267  FX
6746	 5	 0.000010449	 0.307470000	 0.000015374  FX
6749	 5	 0.000009773	 0.287190000	 0.000014360  FX
6750	 4	 0.000005345	 0.308720000	 0.000015436  FX
========================================================================
005_T16_C5_D38_VM3.txt	 9	 0.000194170803297	 0.257868
<task_id>	 <FX/VM id>	 <Custo_fin>	 <Tempo_workflow>	 <Custo_normalizado>
752	 2	 0.000001605	 0.155315056	 0.000007766  VM
1317	 1	 0.000000687	 0.132953058	 0.000006648  VM
732	 2	 0.000002019	 0.195384221	 0.000009769  VM
863	 2	 0.000001476	 0.142834397	 0.000007142  VM
813	 1	 0.000000906	 0.175378817	 0.000008769  VM
1372	 5	 0.000007380	 0.215410000	 0.000010771  FX
1518	 3	 0.000002579	 0.276301988	 0.000013815  VM
1573	 1	 0.000001159	 0.224275256	 0.000011214  VM
1320	 5	 0.000007636	 0.223090000	 0.000011155  FX
1521	 1	 0.000001412	 0.273211548	 0.000013661  VM
6745	 5	 0.000012378	 0.365340000	 0.000018267  FX
6746	 5	 0.000010449	 0.307470000	 0.000015374  FX
6748	 5	 0.000010262	 0.301870000	 0.000015094  FX
6747	 5	 0.000010156	 0.298670000	 0.000014934  FX
6749	 5	 0.000009773	 0.287190000	 0.000014360  FX
6750	 4	 0.000005345	 0.308720000	 0.000015436  FX
========================================================================
005_T16_C5_D38_VM3.txt	 10	 0.000194621301489	 0.258286
<task_id>	 <FX/VM id>	 <Custo_fin>	 <Tempo_workflow>	 <Custo_normalizado>
752	 3	 0.000001450	 0.155315056	 0.000007766  VM
732	 2	 0.000002019	 0.195384221	 0.000009769  VM
863	 1	 0.000000738	 0.142834397	 0.000007142  VM
813	 2	 0.000001812	 0.175378817	 0.000008769  VM
1320	 3	 0.000002302	 0.252200000	 0.000012610  FX
1317	 3	 0.000001241	 0.132953058	 0.000006648  VM
1372	 5	 0.000007380	 0.215410000	 0.000010771  FX
1573	 2	 0.000002317	 0.224275256	 0.000011214  VM
1518	 3	 0.000002579	 0.276301988	 0.000013815  VM
1521	 3	 0.000002550	 0.273211548	 0.000013661  VM
6749	 5	 0.000009773	 0.287190000	 0.000014360  FX
6748	 5	 0.000010262	 0.301870000	 0.000015094  FX
6745	 5	 0.000012378	 0.365340000	 0.000018267  FX
6747	 5	 0.000010156	 0.298670000	 0.000014934  FX
6746	 5	 0.000010449	 0.307470000	 0.000015374  FX
6750	 5	 0.000009821	 0.288620000	 0.000014431  FX
========================================================================
010_T31_C5_D70_VM3.txt	 1	 0.000486044707941	 1.669419
<task_id>	 <FX/VM id>	 <Custo_fin>	 <Tempo_workflow>	 <Custo_normalizado>
1309	 1	 0.000001082	 0.209340933	 0.000010467  VM
856	 1	 0.000000795	 0.153911115	 0.000007696  VM
1388	 5	 0.000007356	 0.214690000	 0.000010735  FX
1300	 1	 0.000000764	 0.147905738	 0.000007395  VM
1540	 2	 0.000002704	 0.261707218	 0.000013085  VM
1333	 1	 0.000000608	 0.117757368	 0.000005888  VM
1289	 3	 0.000001377	 0.147510697	 0.000007376  VM
853	 3	 0.000001639	 0.175563824	 0.000008778  VM
806	 2	 0.000001683	 0.162863752	 0.000008143  VM
1589	 5	 0.000008649	 0.253480000	 0.000012674  FX
803	 3	 0.000002494	 0.267201462	 0.000013360  VM
1394	 4	 0.000003599	 0.203940000	 0.000010197  FX
1501	 1	 0.000001365	 0.264106471	 0.000013205  VM
1397	 5	 0.000007440	 0.217200000	 0.000010860  FX
1339	 2	 0.000001338	 0.129527439	 0.000006476  VM
1595	 4	 0.000004395	 0.251720000	 0.000012586  FX
1510	 2	 0.000002789	 0.269952793	 0.000013498  VM
1598	 5	 0.000008495	 0.248850000	 0.000012443  FX
1490	 3	 0.000002486	 0.266334569	 0.000013317  VM
1534	 1	 0.000001405	 0.271916411	 0.000013596  VM
6835	 5	 0.000017994	 0.533830000	 0.000026692  FX
6837	 5	 0.000015673	 0.464200000	 0.000023210  FX
6836	 4	 0.000011613	 0.684780000	 0.000034239  FX
6843	 5	 0.000014674	 0.434210000	 0.000021711  FX
6844	 5	 0.000014195	 0.419860000	 0.000020993  FX
6838	 5	 0.000016146	 0.478380000	 0.000023919  FX
6840	 5	 0.000015734	 0.466010000	 0.000023301  FX
6841	 5	 0.000015769	 0.467060000	 0.000023353  FX
6842	 4	 0.000009891	 0.581470000	 0.000029074  FX
6839	 5	 0.000015172	 0.449170000	 0.000022459  FX
6845	 5	 0.000017081	 0.506440000	 0.000025322  FX
========================================================================
010_T31_C5_D70_VM3.txt	 2	 0.000492474879138	 1.655145
<task_id>	 <FX/VM id>	 <Custo_fin>	 <Tempo_workflow>	 <Custo_normalizado>
1289	 3	 0.000001377	 0.147510697	 0.000007376  VM
1339	 2	 0.000001338	 0.129527439	 0.000006476  VM
1388	 4	 0.000003617	 0.205040000	 0.000010252  FX
1309	 2	 0.000002163	 0.209340933	 0.000010467  VM
1595	 5	 0.000008142	 0.238260000	 0.000011913  FX
1333	 2	 0.000001217	 0.117757368	 0.000005888  VM
1589	 2	 0.000002282	 0.220892929	 0.000011045  VM
806	 1	 0.000000842	 0.162863752	 0.000008143  VM
1540	 1	 0.000001352	 0.261707218	 0.000013085  VM
1397	 4	 0.000004007	 0.228390000	 0.000011420  FX
1598	 3	 0.000002034	 0.217881123	 0.000010894  VM
1300	 1	 0.000000764	 0.147905738	 0.000007395  VM
1534	 1	 0.000001405	 0.271916411	 0.000013596  VM
803	 1	 0.000001381	 0.267201462	 0.000013360  VM
853	 2	 0.000001814	 0.175563824	 0.000008778  VM
856	 2	 0.000001590	 0.153911115	 0.000007696  VM
1490	 3	 0.000002486	 0.266334569	 0.000013317  VM
1501	 3	 0.000002465	 0.264106471	 0.000013205  VM
1394	 5	 0.000006792	 0.197760000	 0.000009888  FX
1510	 3	 0.000002520	 0.269952793	 0.000013498  VM
6840	 5	 0.000015734	 0.466010000	 0.000023301  FX
